2 281 231
1 215
3 161 204 104
2 227 289
6 0 225 267 32 124 280
3 127 16 46
1 228
1 265
2 68 47
4 214 197 25 9
3 75 287 211
2 170 2
4 61 73 42 135
2 95 126
3 296 63 1
1 154
1 272
1 66
2 148 219
3 146 291 155
1 233
3 24 174 205
2 140 97
2 177 292
1 132
2 3 51
3 113 90 52
2 224 279
1 278
2 290 143
2 209 12
3 129 160 49
4 210 79 271 69
2 133 151
2 122 120
2 172 183
1 55
3 101 131 10
1 78
3 60 40 293
1 115
1 173
2 109 77
2 139 257
1 186
5 105 29 254 119 145
2 248 169
1 59
1 192
1 252
1 196
1 250
1 30
2 14 37
2 201 247
1 123
1 266
1 149
1 35
4 13 253 48 194
2 93 106
3 193 235 94
1 206
1 288
2 277 240
3 39 86 142
3 222 118 84
2 5 181
3 26 207 297
2 91 17
2 156 165
3 167 72 255
2 218 262
1 98
3 230 158 31
2 62 20
1 189
2 21 71
2 171 130
1 238
2 163 208
3 294 162 100
1 242
1 67
3 107 96 176
4 44 128 70 112
2 283 274
1 182
1 152
2 108 43
4 121 117 195 223
2 273 229
4 82 237 76 178
2 27 251
4 58 111 199 264
3 136 6 270
2 7 153
1 175
2 45 141
1 256
