115 8727 5606 2743 7891 1423 4427 1092 1891 4037 4999 5858 4478 6014 1362 3623 7871 8321 7652 3557 9839 4796 3939 5242 9169 8351 9156 9524 9766 3953 1243 3524 66 2907 1135 6905 6032 212 3113 2423 7169 5262 7712 7897 1060 9315 1498 4582 5041 3810 4180 8154 9603 5420 8736 7627 9904 2508 5669 3388 9645 7103 8116 769 3800 3648 1761 2330 6270 8048 1123 9318 1079 7404 4847 6907 9282 5241 5718 6689 8825 5534 2670 2510 3417 6664 1374 3543 3755 3500 1726 2632 3932 4677 7225 8008 4856 143 1589 8579 4781 7708 9743 3898 8832 6545 8957 4993 1907 2847 4687 8251 4880 2717 206 1887
118 3526 7910 4675 5514 9325 9320 8625 5508 6665 665 2617 648 205 9634 6015 1329 1858 1852 1253 2807 7659 8137 255 1276 3913 1820 9480 1008 8501 9671 9459 1821 6506 8364 4674 8052 4546 7869 748 8667 1089 9227 5343 7271 528 2337 6903 9371 388 4565 9312 1240 9816 5013 6493 2513 270 9302 6623 7753 7359 2068 1046 4984 4720 8831 4732 6021 913 8524 8231 4062 3014 6382 2259 1978 5484 6562 102 9428 8368 7885 7741 3525 6273 4079 9062 6168 277 8211 6657 1536 203 5136 1337 9935 2611 2258 6607 3842 4681 6355 4532 9070 6643 2225 6033 8435 7742 3275 7522 4351 1601 3407 1000 128 5103 4797
116 9697 9765 1594 5842 5834 4651 4122 454 5133 7202 7310 5537 9225 219 7822 9081 1961 2898 6056 5848 8036 9406 6147 8320 1471 6970 8446 1080 3839 3899 9074 7888 4615 7214 889 84 4240 7615 6335 2095 4425 5221 4447 24 2322 5790 3274 7358 1855 8151 9392 7218 1637 8281 5929 8197 9284 3291 1645 3512 375 1857 4932 3322 4920 3168 8311 9959 9944 4550 3233 2004 3628 7455 5324 5979 3788 3289 3027 3980 9696 6645 6001 9718 1278 5682 4190 6291 9474 3702 9679 9345 7840 7507 5293 328 9450 2984 7252 9452 8094 9174 7477 8489 3565 484 3111 9338 4220 1960 4076 2447 4179 9017 4248 4943
112 3374 2210 9738 6539 3470 8471 3072 43 2438 1252 5386 4940 6440 8655 3950 8818 7257 7696 3068 2445 5778 217 4648 8692 8711 1878 8858 4492 3829 8628 1683 3711 1078 8950 7877 5991 7901 7546 7508 5141 9901 953 8675 7984 9688 4630 4321 8050 8522 5423 2383 2139 2711 2283 6193 9909 6455 8338 7876 1494 7585 3659 5536 9089 6682 8199 1531 4204 7208 5972 1195 8319 6439 4374 7466 5846 8646 4619 8255 8588 9084 6817 7013 8856 7388 6880 2173 6364 9018 9793 8651 8200 5738 431 721 6200 2014 1231 2561 4666 6244 1355 9719 3664 443 9002 524 2198 7100 2155 7446 4135
116 22 2668 752 5304 9501 8182 5267 2398 2831 4606 8809 8099 8476 4866 235 4208 8788 2795 7295 2430 8775 1762 5063 285 3737 4946 8662 5457 3666 5054 2120 4392 6101 5373 9885 2843 6359 1832 4412 4652 3349 2719 1160 2407 1208 700 1488 6350 3595 8938 632 6497 2475 7043 674 8122 4493 6309 8758 8738 2825 6387 9831 9171 6568 1401 4723 8929 3972 7934 4998 5111 9892 2656 2208 3613 7387 6444 9030 6928 9912 8977 291 1464 3715 5174 508 3991 9794 2362 4327 3703 2240 7127 6113 5630 5329 2709 5820 2191 7010 9507 2064 2242 714 6012 8343 5474 4816 4980 4876 4531 1156 5499 4811 7409
127 320 9853 5424 5090 7058 9844 5676 5928 3843 9417 7273 6591 2662 6537 598 7714 3393 653 529 8380 428 3341 268 6828 1398 7363 2965 4043 5645 1389 2098 6128 8379 7016 7748 5907 4368 1542 6980 3586 6601 5612 5016 6660 9229 864 7445 7026 5107 5212 6087 3036 79 1517 3160 8353 6425 8267 613 3266 2406 383 8910 6437 7085 4545 3182 6929 9202 9970 8615 5405 8973 6407 7759 4774 8098 4004 2238 7457 7015 2223 3881 2529 9297 7735 1727 561 6410 768 8823 2732 1224 5363 8548 6867 6977 1785 2517 9167 4859 544 3774 5184 8972 8753 1500 9285 9237 6587 6251 8193 6321 4227 50 9448 8176 725 5480 4045 6290 9011 7452 4969 9033 2760 5352
116 644 6106 2689 8195 4810 6405 4939 4965 5119 1093 4922 2154 1884 1356 4481 7980 2799 1638 4580 6125 3683 1340 6157 9564 6763 2852 4496 5975 1648 3879 8279 2107 5167 9149 1233 6002 8327 2915 8086 9708 910 7957 3597 7017 2579 3501 7630 7932 7115 9262 589 9048 8766 6978 6855 4874 513 3935 119 807 9260 1353 6356 3441 1049 8083 6765 2713 2737 2363 7889 7019 1316 5713 1642 1996 9903 6129 6196 3127 8433 7580 4295 9682 3474 8494 5370 678 209 4203 2963 2942 9330 4613 7478 9993 7096 7374 3253 2284 4770 5749 1315 9248 2214 3002 1193 2586 8431 2453 7360 9253 7784 1319 7624 9391
121 7080 7385 8181 1142 8434 5285 5348 9612 2110 8784 7690 8782 6613 4290 71 8173 5131 3717 9940 7480 2385 5336 1350 2539 7145 7986 6750 5823 6366 7313 4944 2264 373 4312 392 6307 7276 5864 480 1178 4503 140 4053 4446 6481 6904 9294 1686 1438 4047 8964 1519 4634 8044 5784 530 8065 6220 6374 9188 3156 8679 3976 4236 8677 4184 3267 5172 9384 9430 1529 991 3438 4111 2986 6937 4020 5852 6302 785 2558 8115 4746 4576 671 4879 3049 1673 7340 3303 9925 3332 6793 8954 5782 6882 2594 6988 2676 267 5803 6766 2372 1981 1563 3264 2849 2702 2338 4573 9370 6993 2725 8983 5580 5296 3857 5357 537 7896 4575
111 4649 5197 5873 1804 3348 7642 7641 490 310 9609 2602 3700 7094 6279 723 5282 4316 3423 4663 1938 9067 9861 139 2842 8183 1678 4868 5074 584 1283 1127 7811 3532 5539 677 707 4232 4997 1656 2298 9891 6348 612 5144 5699 6472 4952 3259 1786 1767 5951 2629 5575 924 556 7289 884 1613 5161 6412 9862 9889 6063 5492 1909 187 9402 3579 7575 4536 934 8913 3344 3511 2896 3997 156 5997 4805 7037 8169 8952 7651 2540 5946 4083 6723 7099 4041 8456 3694 7212 1705 6701 7936 1568 5757 247 1377 9493 2933 7713 5203 6667 2638 5920 196 4951 4398 7244 8687
115 7137 4188 1239 2027 1788 6085 3158 1865 1763 279 3795 9395 3730 6367 3171 2935 3048 417 7666 797 1407 8330 4500 6360 1580 5711 2924 4091 627 9762 3965 5692 3137 8664 8890 9525 8427 5931 850 1881 5659 5366 9230 6036 1737 8018 2119 1585 7454 3866 3092 6863 7309 9913 7588 168 2814 9481 4158 5166 9556 8771 5590 4658 3668 228 9513 4654 5001 1867 3008 3736 1210 2179 4215 4769 5048 642 6346 4146 523 1131 1784 4825 3134 3231 8051 5977 2184 2518 9321 9490 8869 1662 6845 1553 4486 8565 2727 8812 6494 992 5531 9924 1516 8220 2857 5583 4078 1738 8232 1447 8009 7775 7675
127 1082 8239 2353 216 3615 1706 3338 7005 5943 4587 2350 4852 5250 3300 4665 2592 3709 4129 4887 1146 214 4783 9749 2229 5489 2279 2989 4555 5750 2181 5535 9377 9168 4006 8652 5916 4127 5014 1599 2323 6572 6670 2505 3492 4636 9390 1655 7184 7990 7927 8576 3606 9313 1104 2109 8974 7292 6966 9814 6617 6154 8113 9876 9477 9833 5557 9608 6788 1660 7268 7621 6856 3679 9063 6661 1506 465 8216 8152 3588 2439 8421 8621 2971 5006 770 9306 5077 9332 4350 6936 899 1830 1197 3669 9761 2809 6339 170 7515 1898 759 5428 3760 8384 9594 1203 5414 2784 3616 7977 347 8162 8550 3 7308 2749 8372 5773 8488 5444 8617 6582 6579 8133 8867 5399
116 5187 8661 278 8658 5113 9249 3252 414 5243 8291 4759 1349 3184 6999 8539 8056 1534 5245 3844 1261 3825 4294 7423 2692 2044 5642 3571 1465 5323 4684 5385 7230 5181 6673 1110 80 2726 6881 7987 9298 8776 4950 1570 8440 3493 7908 7279 4494 8629 533 2436 2113 1264 1913 7350 9267 7900 641 1669 2002 1697 1893 8568 4035 1402 2420 8177 1477 502 2805 4604 5584 9148 4164 2135 4311 7028 535 1453 2170 5421 2747 179 1623 1826 8592 2271 2887 8769 282 357 8882 4202 7116 1639 4877 2071 2086 9511 8914 816 2132 8944 6462 563 6051 4996 1157 4253 6080 3320 6699 3821 9032 3797 4784
114 5649 8139 8881 872 2212 2462 4082 5795 5891 9090 7140 853 103 3328 2669 7075 5437 1933 6942 8760 3122 7976 8210 9587 9648 9579 3357 8165 9916 6930 1556 9376 3870 2094 183 6725 8303 2293 1772 9574 2583 1936 5776 2599 7079 3011 8282 1903 438 4189 658 3986 4462 6700 7595 2936 4563 9836 1941 4260 9850 5461 5476 4281 1923 7049 8634 5072 5098 6217 2591 5995 6802 6736 7041 5762 8258 2052 1476 1796 8259 9878 3968 4391 9661 5526 7427 8596 4836 1825 4267 3602 166 4913 4063 8499 4935 2127 1139 9928 2024 2850 3850 5123 7656 6727 299 7523 575 1291 1030 5280 2550 8452
113 3728 4840 6330 4141 6584 5033 8519 8164 3350 4936 3370 7334 6419 1651 3143 7438 9655 986 6672 1688 5138 5887 95 6191 7440 5812 4725 3430 6347 8396 2166 5032 9966 726 761 1236 4404 1663 1717 3197 2186 2153 200 7265 2400 6932 6608 2093 6026 1751 9605 8660 7255 4989 3969 9630 6327 4525 9388 6226 9531 8412 8659 9056 5901 946 2866 6628 1748 9489 6156 8924 1527 4614 5237 7123 6166 3216 3227 6464 6281 2292 8112 5648 3649 5227 6254 4911 3604 4828 9740 4620 9400 3254 5066 2813 3187 1087 2788 9771 7007 4761 1371 1567 7110 7963 7692 1192 3871 8726 760 5265 4212
112 8916 5204 5120 2472 1863 8095 8175 1973 6266 3465 2868 7416 2047 3732 8600 5406 5720 8217 7107 1882 6034 4207 8418 7147 7473 9387 8566 7917 8483 5869 7221 3639 8607 4835 2783 264 6678 8824 8633 5404 6495 4278 9042 2446 2605 3966 8730 6786 7557 3432 7483 4538 3915 8322 5052 6331 3308 7280 1194 169 5635 4826 6179 2806 7104 8801 4319 8866 229 9986 4152 3022 4101 3940 8948 9757 1665 4397 5932 892 6663 4664 4853 5493 342 3975 6421 4937 4640 3145 9933 6040 7261 5549 3822 7764 2955 4205 3082 9910 1668 3386 5807 8374 8224 194 6151 8121 6577 9886 2449 6583
123 3910 704 3456 5313 3678 5441 7661 3515 9455 5963 9951 7550 3150 5224 4145 7841 1444 2858 3230 2584 7392 3823 1744 7229 3519 1162 6280 257 8068 5875 329 8898 7851 6216 8153 5252 8920 2833 9098 3240 1815 4718 5083 1336 8768 1677 2901 6818 5548 1607 7439 3472 1739 6336 9545 8103 8572 9960 9746 1220 8682 8390 6706 3223 9946 1181 281 4750 8089 7332 4519 9276 6417 6314 9654 2483 749 8508 1050 3627 4551 8725 1301 951 9538 8134 4608 2835 6559 8527 1072 588 2700 3653 8167 2315 7195 713 215 5050 1445 7786 8269 1632 6298 2906 9111 259 7816 7967 9585 3476 6858 1934 4736 246 3872 2974 5403 3028 7158 3794 9461
117 3110 7678 2859 1207 3982 8636 5454 7680 2032 5086 3446 8891 2358 9305 332 8816 1439 6224 808 1765 5731 5380 3753 3996 8301 8484 6707 6140 2065 857 1432 4337 4916 8243 456 8853 7691 4174 4377 4518 6443 2012 6358 3888 4100 6522 2657 4414 2177 9290 7430 5703 2376 1369 1062 8179 6737 9077 7470 1124 2256 554 4309 1845 6061 949 6589 1481 239 4605 2497 5320 1682 5434 7589 1470 9088 7968 907 948 2607 1975 9894 6715 3552 30 4159 5708 9941 3146 654 1425 6175 1993 1269 1711 1129 2803 7961 3645 1354 8886 1883 4716 6094 6742 5125 8943 2244 8988 3852 4564 1971 476 8720 6058 1635
119 2582 7860 4682 1442 5411 1004 3689 3608 5503 6312 2786 8835 1822 2800 3013 2531 4108 8764 4355 2455 362 9093 5653 4284 8300 875 7625 9715 5964 1503 2171 882 6940 3642 1041 8686 2444 126 8783 7875 1666 1709 5254 6580 5686 8509 6633 112 4817 3808 7426 4527 4277 1771 7541 3680 2755 7918 6560 5435 1544 7665 6829 4344 9961 7923 5413 9057 4024 512 5328 2693 8398 2266 3080 3883 4690 8894 5270 5533 3841 4501 587 7153 8415 3974 7560 276 222 6324 4773 1177 1701 1745 8747 5851 8528 7458 9363 3638 3384 1818 6352 5616 3336 2787 4668 9693 6514 5463 4181 4629 7197 4332 2773 6102 3812 8560 7203
118 6594 2763 6155 2918 8203 4238 4161 1176 5121 599 7406 8535 9100 2450 7134 3295 6913 3321 7526 8744 4317 8930 5408 1812 9976 8984 8346 5419 1335 1931 9635 788 223 3057 3024 8156 4741 1427 780 2276 2220 5364 602 8549 8104 5906 2941 1254 8410 7384 929 4528 5179 0 2339 1391 4061 4373 9841 9999 8455 1602 4678 6785 6130 2448 2203 6555 8971 4067 3102 6386 6116 7864 3582 659 2523 5735 6600 5311 7556 1839 2581 4908 9804 511 6431 3504 829 9470 2067 7738 699 8688 2433 2710 1021 548 4286 249 7921 2435 6070 3251 308 2707 5696 2081 6077 8084 7481 977 9582 740 1148 9798 8233 7270
113 3090 7468 2115 3591 4535 2205 9316 1285 4012 3705 369 8808 294 3351 639 9206 5294 7502 9270 8004 6778 6574 9447 8447 7582 2183 3750 6996 9047 7686 984 6769 6088 2562 433 7736 5878 8305 2092 8996 1754 8631 4748 7989 3039 4778 746 3819 5838 9930 3169 2661 4454 1679 6728 688 8917 9045 163 2603 2112 8235 1415 2961 1756 9085 106 5021 9509 3851 9024 2172 8186 5094 8207 4378 1579 9624 6466 6199 1297 3587 3467 8836 9995 2394 5145 3631 681 9777 2008 3117 7172 1027 4660 8487 8463 1612 8130 2461 4987 610 7078 4213 5407 6320 413 7600 7291 7355 7538 3346 6790
119 7264 8373 1817 4609 6676 5140 5982 2304 1143 3419 5146 318 1486 4655 2034 6954 3762 6413 5926 323 2426 5882 8982 1300 5571 767 1204 1730 4039 5281 2839 6640 1554 2722 9566 4973 6625 1400 4470 9694 5830 2654 6340 6991 4420 7800 6718 3269 7482 541 3138 241 8562 2734 1505 7412 9554 9884 954 2347 971 1223 4617 3919 1842 5822 6380 8657 1753 6831 9457 6680 5029 1770 2703 9487 920 577 6624 2355 5775 1458 4474 6835 6959 6516 7883 9055 791 3076 552 9008 2249 4719 6646 2504 7828 5469 2409 424 7505 2285 8665 4795 1861 4986 2904 5632 258 581 9758 936 8409 5644 3021 4274 9064 5353 967
114 6677 8582 6377 6111 9561 3690 8365 6938 6575 782 908 7132 5576 3671 4371 9311 4080 7831 830 3166 2937 3921 6772 5872 1226 6546 6488 7601 7491 2216 4807 4686 8678 4264 9827 9683 7568 8091 6282 7667 9385 6084 9974 3865 1154 4410 5481 5921 5315 92 3107 4680 3592 4450 9415 4409 4659 208 6505 2267 9053 3550 5371 1136 8160 9601 7027 1011 1504 6429 3484 9744 5939 9625 8741 1912 6434 7294 472 656 2130 5004 5307 9980 2076 6976 7657 6286 3188 9557 6891 1133 9216 3818 3333 1731 5538 2000 2544 8132 9184 851 4899 3355 6861 3594 3522 9717 6519 3435 2959 2556 8497 7224
117 2797 1780 9413 5560 1055 7281 8147 1213 2993 8337 4449 1994 6798 5342 3641 5008 2346 5073 204 4800 5654 2045 1344 7744 8563 3988 3929 6078 2056 4095 7536 6449 3676 9632 8591 9105 7564 3239 7620 6351 8795 8759 5610 1732 396 5306 6668 8642 1232 2601 7787 5747 18 4448 3402 2234 7699 3651 751 8262 7527 1800 9347 1901 6666 522 5253 9668 569 5023 2365 4173 4223 6395 9784 4751 7234 9468 8462 9745 2123 3234 6650 2488 9786 185 145 3506 9464 7528 9520 6394 7553 3611 6400 1790 354 5235 5893 8159 3882 503 7009 367 9532 9194 4611 4934 9670 8941 4581 2940 9050 8394 1076 5609 1631
113 7393 7959 3706 9003 1320 7962 8751 3790 4331 4300 8546 5201 6323 7839 9583 6598 2311 9086 8191 3144 3662 3761 3047 1902 5080 4753 3444 1037 6362 3097 4903 4845 9368 2474 1991 5984 8848 8277 3637 8892 9445 586 9656 7837 6491 4907 4165 6289 8241 7023 1175 1272 4247 6926 5248 4626 190 5229 7639 8093 3693 789 7428 9613 8125 6679 8926 5859 1793 1708 4464 4711 8969 7981 3347 6458 5022 2489 1841 2873 5162 1311 2001 7006 4058 1493 9441 8424 5801 1403 2525 4210 9232 4891 1949 8127 3547 3232 5902 3153 234 434 4906 9301 4051 6826 3985 2652 7611 3765 2082 4919 5333
117 3739 9319 6795 2914 3177 2782 8304 6127 3663 6843 4730 4285 8443 9639 8490 7562 5923 1675 3020 445 9722 4491 4297 7160 8082 3433 90 8496 9971 5717 8399 4734 3043 3054 7797 9527 1151 5693 7824 7683 827 6794 1713 5382 6654 7740 4790 8975 1690 6341 3010 7809 8168 3770 3056 1286 6079 5746 4523 8478 5084 1185 5208 8878 2785 9772 7488 2269 7945 841 8117 8192 7408 7369 6463 2026 5105 432 9590 1801 5465 9451 5259 7599 6112 3886 4140 4256 9779 4865 8265 9849 8261 5603 9558 6073 3540 6720 8569 9712 2019 493 5326 976 9870 3875 694 20 4755 9200 427 2880 1809 6277 2958 814 7710
120 7698 2648 8852 7231 3126 5545 1324 4743 1163 9629 491 2555 7559 1263 3832 3523 614 9866 9354 4401 7616 8685 9536 6414 4336 8290 6518 3831 9212 6561 6504 1650 6059 8649 9104 9475 8739 3861 1962 298 8619 3077 8630 5958 378 7958 5168 1671 2851 6344 5860 9367 8037 5018 8272 4475 5061 1450 619 7320 1206 5112 2270 4833 2966 3387 6815 7761 2875 2125 464 2913 8263 9533 6554 5763 5668 3185 553 2837 7890 3018 6361 9424 4443 6947 3063 1256 5974 2526 9299 9650 2712 7994 5688 8644 6536 5600 7724 7913 8247 4059 5491 7213 2028 3469 6297 9205 4460 7352 7269 5886 4931 2253 6747 4276 6994 6982 2039 447
122 3323 7114 9060 6712 3255 5697 9826 2149 5129 6247 1584 40 8715 4745 1115 9658 4727 5173 952 4552 2473 6681 6963 9591 7865 1057 3502 6239 1410 7758 9411 9446 1067 6513 6029 9570 1107 1235 9720 355 5981 9932 8184 5369 6185 2467 4364 5675 8047 450 8131 6965 3279 8735 5742 7434 3363 3460 6190 6887 202 2945 8085 2294 5769 4777 5786 2401 1808 1806 6524 5817 38 3343 8119 9437 8919 9637 2494 2151 2200 8810 8382 500 2291 8990 7082 4597 2281 5714 5206 2468 9359 5883 8221 526 7796 8059 5728 7396 4590 489 4289 9337 4855 9921 3006 8370 359 9344 7993 3904 6454 2197 6013 4603 2011 3041 227 996 5685 6704
116 1083 1169 1593 9348 8227 4089 3463 1096 186 1752 8561 5350 1333 5258 1172 1416 2313 7978 9931 6754 4325 1397 2481 8246 6774 5031 6850 4480 2946 9243 2010 5081 9955 9750 5792 7402 3270 8302 4975 5895 6915 3987 9616 4646 2236 4870 6642 2054 483 3809 4507 1769 7689 7274 4488 482 5165 1562 8610 5813 855 295 4027 6523 2299 242 3106 1558 8718 2742 1860 8903 1051 6363 9439 4293 8316 5904 2527 4322 2791 8847 6864 8811 4473 9379 6921 1339 5194 6237 9467 3487 99 1421 4861 1511 9429 3684 5044 1654 1876 905 9803 9828 2343 1940 4455 366 593 8884 9494 1229 2111 1836 4402 4872
118 7034 5885 1069 5751 8514 3716 9335 5577 7232 5170 6476 1573 6952 6091 596 2844 8820 3955 843 9023 8893 5666 4023 2072 9736 3074 4875 3622 3104 8706 2756 2983 6275 6305 8204 4048 1926 7245 4288 6652 9130 1963 494 6370 2017 4459 2590 5355 1616 9584 605 7518 3619 286 5450 9565 4302 8170 9433 8912 5266 8313 6696 5971 6448 3938 1190 9659 1951 4453 9572 4809 5662 9919 3943 2606 2192 8378 5595 4553 9563 4435 856 5950 4530 3167 5824 61 9251 2261 8144 302 4261 5109 9812 6039 812 3201 8097 3342 9095 5973 764 3194 2861 5992 4457 8906 6629 7129 9324 5640 5284 7251 243 5026 5376 275
113 7503 4772 1173 701 2248 8789 273 7904 4477 7517 5966 3461 8574 4569 160 2588 1807 9080 3906 1587 6975 1328 2079 6962 2615 2521 6933 2899 5663 7373 1510 3265 1188 4124 1202 8838 8813 9877 5707 9137 5387 6006 1838 9176 4508 4314 9020 4584 5030 4982 2512 1086 4886 5279 4137 7071 1338 8712 9918 3222 3330 7941 3658 6062 9857 8194 7375 2995 1965 744 3516 6733 6859 9265 2031 559 7749 7826 7501 8323 5475 8187 5636 3499 5433 9182 7855 9183 2033 8792 2099 7931 410 521 138 330 2185 1757 895 6075 847 3887 9079 3065 9069 8257 479 6731 1290 7498 9420 6813 8102
125 2563 7045 1892 3537 2775 7398 8392 3814 1984 2573 3302 3902 8966 3135 8593 7594 1742 1496 2209 6042 1636 1577 2575 3368 4789 4510 9756 3811 5998 611 6211 1454 5381 557 7754 693 5853 1778 8777 5319 6319 8459 2211 8754 7757 6614 6486 1880 5200 2716 14 8308 6832 3378 1799 3424 1259 2729 7029 6565 8807 2681 6741 4071 8141 5394 5555 650 4313 2168 8638 3352 6956 3053 9256 7626 7532 2410 6836 8743 250 6674 7193 715 4767 5230 3927 6368 4197 9775 8728 7996 4540 4275 8158 6844 8024 7782 6202 8228 8342 2458 4226 8335 609 6183 4516 8042 7763 120 107 774 1478 9268 3034 2314 2845 7298 1003 8779 5594 6567 747 7745 2
121 7351 3805 8722 8821 2437 9296 3356 3358 5361 8586 9929 4929 8553 2834 10 36 7545 2511 5039 3149 2103 8653 810 8413 389 509 3109 1217 8534 8933 1428 2414 2144 6171 1906 2202 5011 6662 932 2469 8309 5183 7955 442 2016 5507 2399 4813 6941 8428 110 6547 4829 1939 7188 8252 8136 8585 6345 9872 6269 6705 9753 7497 5547 8997 2560 4715 1029 9006 1459 1988 2878 9908 8465 7382 6868 8980 1325 9992 5049 5359 6475 7324 5163 2140 6169 4520 8991 2616 73 7670 1811 4600 783 1090 7649 8161 9211 8405 2777 9300 5126 3163 9201 5308 6296 982 2752 4015 775 6735 2412 9192 819 732 6117 2585 7000 8909 7235
119 9431 1925 8017 2543 7209 2460 3733 6552 2883 407 5877 4030 9210 3576 9423 1779 9152 3046 3037 8148 9179 7449 8506 3978 1260 9823 4910 815 2124 2141 3306 2930 2862 1782 555 5110 9485 6049 7061 3740 1604 2361 9398 7377 6231 673 6854 3803 2853 3967 7648 3549 4222 3905 8358 3095 1704 876 2820 9896 6768 5149 8108 1436 3858 5209 4102 6225 942 6095 1848 3189 8632 8040 4221 2547 8140 6502 9073 6343 133 3398 6692 3691 5759 6184 2977 9628 6126 7752 260 6877 6208 3162 2007 2164 7453 9599 7105 6045 3634 4948 4016 1609 6797 9716 7181 4883 5091 5837 3743 6230 2978 9291 5409 9548 6496 4637 5244
118 8069 4579 536 2235 1348 9339 5015 5927 1710 8555 5464 719 809 8 622 8547 7048 9360 2378 7849 1068 391 9166 3609 7746 3954 7417 4958 6606 440 7301 7001 1797 4384 381 1680 7275 3867 6172 6422 6024 2502 4340 7602 3674 3422 3707 7260 2138 2351 9952 3607 7429 425 9832 9728 252 9651 7242 2300 615 3277 7998 664 8411 8114 655 3998 3015 5427 9893 2943 7128 6249 1980 9898 3541 7938 6995 3520 9054 1835 3318 3390 4572 9153 9414 2495 5903 5127 4428 3672 8937 9472 312 516 9618 2626 9409 6357 9770 1466 3464 2688 5871 8828 7991 6214 2178 7020 5337 6675 8043 5643 7513 9239 5968 4151
119 3925 6520 9308 5045 5656 801 334 7658 3665 1234 7064 9781 4348 125 7241 5691 1150 1720 4166 385 695 7362 7300 7848 9735 39 7187 6044 2189 9702 9510 6848 8857 5432 2224 917 4022 4765 9235 5292 6618 5339 1491 3405 3383 51 7838 6558 9515 712 1870 5755 2126 3070 2609 676 7207 8942 4199 9491 4430 2921 8019 2768 4310 2706 4304 6460 969 8774 7144 7720 1332 1467 8935 7390 9747 8123 2263 2075 7216 4628 4112 9734 7801 6876 5205 858 1487 8822 1122 7418 4787 7139 201 4273 4034 2390 8545 8570 98 1066 9669 1948 1944 9837 1653 5524 7604 9856 1483 1798 7378 7660 3897 3404 467 1219 3503
112 6236 1795 4957 7318 6501 7647 7119 9714 7810 6267 3208 8970 8072 1490 9304 444 9244 7327 9991 6178 5652 1862 2684 9412 4132 3084 3752 6990 2352 4598 3175 7394 4757 3033 9551 9874 9471 7486 7850 6821 4760 2869 9444 7767 3268 566 1728 8723 3989 7894 1414 4090 766 9163 7180 2827 4333 9499 3329 9692 8361 7475 1723 9981 7472 3600 3206 7612 5412 4902 1958 411 4559 384 3766 2770 3406 4983 6152 1134 4768 2219 8960 9873 881 292 1615 7054 1043 8297 4237 9107 6096 9998 6245 8028 1603 9373 8529 130 980 824 3311 8850 1158 4754 2794 2411 731 4994 8386 6390
112 3281 9287 57 4764 5602 9505 7950 7397 8554 3389 4737 8209 1265 9881 1330 4367 3220 968 3780 558 7596 5791 3218 3699 226 5980 9303 1108 3854 5137 6593 1518 6203 1457 4040 9255 8190 3040 5059 5646 6204 2053 6262 9241 802 4142 4183 1246 207 8748 7590 7571 9544 6041 6197 6038 1358 6229 8765 7415 2524 822 1889 5396 4593 6960 380 3211 6145 2204 5896 8581 958 6248 343 6621 2380 1132 5552 1927 7347 8145 6138 9141 2509 542 5057 6749 6639 7133 3132 8101 5298 1034 7886 7236 8438 5288 8012 4610 361 6092 854 2771 6899 3895 5607 1372 3714 755 1583 6093
115 4834 7124 4077 8441 3862 6255 8887 6315 2577 578 3874 1507 5122 7804 1768 6500 9087 4896 4544 2514 8420 8006 1238 8614 1341 3983 3877 5586 2780 5787 1456 9882 4324 7044 3695 2415 6189 1712 8467 2025 5425 5831 4143 5671 1307 8841 7299 1557 6292 4066 2968 7684 3813 4052 4739 966 5719 171 9190 7881 762 6415 6964 3280 840 660 8755 6469 6917 8799 1611 9375 3900 9938 718 2158 1969 4411 8393 1014 8385 1074 3249 9726 64 1033 7530 6278 879 5698 9108 8049 5216 154 8270 1894 5198 4689 912 7346 9667 921 5726 6375 6743 8724 5239 2277 5599 4705 7011 4007 4393 8507 6144
116 7287 6047 9657 3272 9801 5764 3286 3916 551 3397 9075 28 965 3636 9217 5664 8128 9530 6299 8951 151 832 518 9846 68 7519 988 5375 7057 6019 4960 9868 287 9842 2371 7267 5222 3846 4490 7441 2804 3029 4717 817 3498 4085 6209 3893 6549 1774 2388 9449 2953 3767 4749 5623 211 350 6875 2463 9266 1241 4567 2746 3450 2840 3769 6246 2552 4942 2167 684 1618 7021 7803 9575 2515 6528 9352 9058 4395 105 4155 2973 7743 970 3436 6098 7928 9358 117 8215 6285 8015 8280 9897 7239 4144 3073 8962 9739 6060 5748 6381 5944 2647 6022 8773 2870 9403 8936 3578 9887 3949 9071 6787
117 2485 8854 2802 8778 7705 3244 1875 1351 6388 7380 3245 9677 181 5397 3331 122 8693 4650 6951 6631 4104 2724 315 963 2876 8510 9917 1386 7089 5816 6603 8707 4233 2882 3539 6445 5638 4625 2769 9778 2997 3030 8299 9662 3165 2929 7474 8237 3554 7561 1571 6054 2251 6325 5589 2282 1853 406 4292 2572 2500 3151 2714 6424 2595 5565 5240 5159 5581 6753 5756 7246 2148 6918 4365 6288 6889 412 835 5462 7695 3661 2789 878 568 8861 7156 7102 6465 2884 397 253 6354 3334 6647 5970 4566 4839 4070 8541 4403 9278 3284 8742 193 2639 1211 2194 338 7926 4679 6563 504 9051 3173 4200 9381
118 692 129 2952 6839 6131 2432 2871 7424 1598 9920 911 3914 4306 1100 2818 9709 9678 7676 7399 2695 3471 5379 5047 8612 9191 5525 2134 7492 3708 6886 1485 6027 7326 6771 4444 3192 8714 9283 146 763 7342 9847 811 3044 7072 4436 3697 7493 2598 4642 74 1755 3489 2793 6874 135 8480 7878 8694 2152 1288 7126 19 546 5530 1237 3310 3568 4434 7086 9031 6604 5976 340 1258 5914 6823 5134 6599 9813 703 1221 1472 266 9160 9596 8071 6739 8426 5338 4178 6827 2621 7157 1065 4524 9973 8240 7395 7569 5793 8530 6648 4775 466 8864 345 1081 1013 1140 2402 9964 3228 8520 167 990 4661 5880
118 5957 7090 8150 866 1581 6653 5226 4691 7285 1186 5060 2425 5147 4912 2745 1872 7608 4901 2041 6201 2459 6018 5471 7643 944 6283 2832 7476 9748 8947 8732 7004 6161 3123 9314 4150 834 3179 3801 6089 1462 4941 7177 5815 3625 1721 7573 54 8352 6150 8367 6133 6729 8713 9701 2660 2348 7063 8022 8872 2066 9114 5302 739 495 2938 7302 5783 2369 771 9815 2233 6276 6989 4624 1614 6714 9721 152 8371 901 4541 9432 4028 3612 4709 313 2976 8583 7716 3918 4700 3379 3497 8780 5810 4342 2678 8360 6099 5082 6776 4515 436 5156 363 6114 1681 4823 6656 5739 2003 8710 2443 4631 9968 4396 2290
117 7859 4451 9343 8198 5317 188 4343 1167 7703 6840 2015 689 7335 1097 8172 1296 938 4962 7549 3340 7636 1061 3359 8622 5322 3890 2159 777 2812 8635 5384 2387 1813 3462 547 9261 5618 1530 4136 3482 8899 6484 1020 3448 6535 859 6851 6232 2653 5993 8422 2273 9328 9142 7975 5238 262 7201 4160 5905 3772 2759 3133 4423 6053 7798 2201 6008 7190 9029 8105 7112 7965 441 8038 5236 5532 6052 4456 9936 3055 2658 1549 1317 9764 9752 2222 371 4890 7634 8214 307 9646 4594 7793 32 2096 9061 3103 2708 4033 393 3396 5078 9066 9577 4301 2757 4641 2554 353 4358 7606 8293 9165 5132 4225
128 1384 4046 3785 2846 13 9158 3682 5139 8376 5067 333 9915 9535 8640 2999 3174 1539 7125 9215 4468 2091 1513 7728 8598 6576 9219 177 1847 1378 4542 4653 8439 8533 6816 9707 8859 4245 5779 3958 8070 9438 344 7222 8178 9224 4121 845 4117 7537 2549 2667 781 2368 9496 2697 1942 4703 8336 3804 3995 2967 9562 3414 9180 9927 8641 7074 301 1405 1646 4138 549 3824 144 9015 2640 1716 1071 374 5512 7842 7610 4623 46 4092 6738 8594 2049 3100 5930 7795 950 1111 6416 2972 8663 4390 1967 180 3878 7751 290 131 3720 8329 7460 2029 368 7141 7542 1035 9036 7379 5310 6037 3754 8408 422 999 1851 1054 6311 5737 5960 5256 3094 5799 1695
115 7619 7161 7558 8885 3140 7565 893 4029 7367 9989 9791 4120 6609 4239 4241 8587 5710 3042 3574 7769 6894 5487 8770 2551 5393 7734 6487 409 4643 4483 8985 8995 8166 3431 5544 2218 4729 1334 804 8786 8060 8461 4069 2589 3079 3288 820 5900 3776 1552 3864 4416 2890 3876 7348 9295 8683 7033 7131 3962 9275 9154 5362 7175 9953 9016 8601 104 5286 2900 2360 7284 3157 9286 3521 7988 5704 4893 5768 7739 2342 1015 7854 7465 3771 2948 3454 4812 2541 2207 7879 6213 5614 5655 5959 3924 2829 6595 8513 6726 6478 2691 114 4094 5994 6392 3581 880 419 2690 8477 4262 3546 3599 8298
120 1840 6872 9327 8356 735 7535 4549 7038 5002 5780 6271 3979 4003 8407 3783 1900 8873 5027 2413 2063 1373 2321 645 730 5855 5985 620 7413 6638 9802 4558 8025 5899 9972 5076 3903 3973 3746 304 6944 9082 1659 2623 4595 1550 5036 7861 8464 9911 7520 9939 4702 2357 3799 6268 7833 4954 5673 35 161 7802 2143 4857 150 2944 2020 1528 8656 8005 8046 1149 3105 1475 8474 8030 5422 1230 5356 5341 4147 6759 772 1451 1736 6825 4574 4315 7176 5215 7149 3335 9289 1586 3643 9617 3152 9713 5522 800 4713 897 915 667 3213 5231 1368 6775 4216 7597 7668 2272 4323 5247 720 5470 4635 9704 2841 5716 3064
123 7035 7237 8654 72 4591 9382 7179 7819 8449 448 9129 4838 1633 1012 1084 1856 1376 173 9660 9514 1715 3652 4224 3763 3263 4439 4762 3685 5625 8698 6849 6596 3931 9254 5056 351 5005 1032 7386 462 7414 4860 3428 2736 9691 6780 2262 6671 7907 7062 192 754 8650 7693 4974 8278 7942 4933 1452 1502 7985 3952 7685 6529 6573 5453 37 628 9394 5556 8921 813 5297 9378 5740 3816 1725 9647 867 1299 5601 7487 8143 6721 8469 415 1897 5182 1644 4433 8023 7614 7053 6806 1964 8729 3246 4657 6916 1209 1347 4669 9703 316 5990 1692 9094 914 7164 4924 3023 2761 2798 3051 7607 4963 9869 2718 376 4466 1625 6108 7130
115 474 4822 4827 4228 1025 3292 2939 2910 9177 5709 3198 3181 2023 2465 3937 7337 7166 6483 3561 733 1370 3656 6752 4644 8045 3909 7381 5597 3380 1997 679 4265 1390 1201 8992 1551 2909 6805 9399 3078 7484 7490 3633 4177 6879 5797 1777 939 7159 8064 2482 738 3593 4246 4417 5257 7087 8387 4109 9700 6389 5290 6136 930 7799 9012 8437 1394 756 9730 1501 592 5987 8310 617 5038 6837 5097 6611 5401 2196 9349 1385 5523 6043 633 4747 7331 9484 7419 9052 3242 3394 9454 3130 481 1781 2912 4452 8273 6187 580 2685 4742 7970 1482 9041 1393 8003 6457 1546 2199 6385 1031 5754
118 2036 5996 5367 1864 1424 8691 4338 922 2239 7964 3517 5191 2920 5619 7421 9416 7306 7461 8066 7930 3782 5096 7925 3936 457 765 865 540 7450 4244 3946 1764 9680 904 1540 4485 8245 7912 2451 3186 2646 2641 7806 4329 3923 2479 2619 2860 9934 2043 58 6086 1480 5055 5841 9065 7336 4113 3215 6690 8589 1879 2792 887 7240 9404 3724 2614 4888 5988 1437 8979 7353 666 2704 1294 8855 1352 7731 1920 4894 5332 601 9140 3260 3326 3961 3075 4953 4126 7609 7547 1877 4956 8959 4966 8840 8250 9926 132 545 7263 8721 3001 9546 5918 8039 8798 8331 8559 5344 2923 4005 8276 2865 1729 7952 9788
114 3115 1957 4803 4097 2427 8087 451 3373 4884 3443 1184 2954 1937 3911 309 2721 5516 2663 5641 7814 5758 8414 3845 5269 7272 8701 1641 3116 7050 9962 218 5400 7640 1273 5143 8124 4633 3617 4234 4967 3410 6097 8444 2487 1380 1388 7436 8007 6396 7593 6192 305 2507 1628 7971 9323 9985 6824 5529 416 9760 5881 2381 6691 4712 9462 7956 1187 6287 2956 9982 9774 2672 5275 322 6241 1426 455 2498 7629 9357 8027 8781 4345 9626 4291 8249 3647 4512 9044 6134 348 5330 1972 8479 9805 1945 6860 4526 1063 2022 7469 6181 4186 8205 3792 3307 2073 7873 6830 4465 8575 8460 8429
116 4093 5220 5744 8998 616 3779 7122 9553 4249 4819 3620 4243 5228 2723 8819 3483 9863 2452 564 2317 3371 6967 2855 9336 4065 9021 6819 365 2057 3319 8877 9988 2318 687 1520 4639 4359 3531 2553 5115 9653 8597 9456 7944 2642 9675 8296 5701 2565 8451 3204 4977 7286 6512 722 7357 7344 7857 1904 4570 403 4557 6227 469 1363 5898 4114 69 3868 5225 6180 4863 3775 6716 2268 2931 7618 514 1262 3768 4445 2568 9541 6223 4511 515 1468 5092 2377 1789 6571 1198 377 6349 8956 9576 6090 4268 8544 828 7277 4176 8967 6016 9246 7121 293 9706 8061 1404 4842 4514 4871 1759 7779 3834
121 2097 4706 7852 195 8595 2009 8110 5188 9950 2169 7682 9568 5309 9110 3313 506 94 1959 9228 3629 2391 288 1367 1928 4084 9652 6222 6803 8118 6764 8213 1619 5390 9906 6878 7718 9676 5856 7376 8515 9346 3513 4168 5232 7983 5567 2751 7400 59 4824 7940 4978 1911 1420 6391 3704 6243 3354 1365 7563 3981 6072 8645 7496 1698 7730 5340 626 9820 1849 1622 6734 9151 8142 2856 3530 8350 4534 5651 5857 6588 2327 8445 1387 1547 1989 7435 5318 7228 5392 7205 8668 6259 5219 3514 3480 1565 8896 8794 661 6968 1703 1171 8833 7405 7947 727 3069 1741 8958 7979 2854 5978 4182 8647 6767 9380 3917 5620 8674 8274
113 4673 4002 6083 8208 3747 799 8928 7750 4429 5347 9880 9350 5368 7866 919 3071 3992 153 4798 9222 9234 5624 6517 6534 6030 5730 6669 8558 8206 1212 7916 5391 9483 9797 2696 1282 6068 7227 4814 6901 6479 805 1791 5888 4064 5449 5562 6257 1406 2319 9649 5953 3508 4589 3257 2905 8945 5150 6017 9427 2994 5561 9573 1922 1446 7711 9014 6808 5924 8076 5884 9947 2666 8470 8284 3447 5802 6556 7646 4945 1512 4352 9329 1968 5506 8339 7333 8473 3828 957 937 7592 9117 1626 1357 7366 4862 1216 643 9097 9096 597 4154 7909 3442 360 8532 1279 9035 2766 6300 4909 7554
112 9421 6684 3425 4163 9937 5273 7671 4399 4133 5070 8355 7136 8031 4801 9396 4815 341 7997 6435 7760 148 5785 2503 3621 4592 3200 4726 1630 8063 623 1833 7256 2341 3948 7623 3237 6935 5622 9806 3409 6110 8704 225 3605 8058 2301 2195 6408 2424 3624 1844 1251 5553 6306 6272 5485 7768 1952 6527 3994 8750 3235 5727 191 1691 2486 9046 5825 8918 1746 1524 682 5287 2180 8870 5999 6509 2879 9942 2429 2243 5588 2694 7776 3527 8289 4927 1449 5989 6570 997 3161 6922 9879 3297 3045 4461 2306 4115 199 4766 284 5185 1620 335 6124 3585 3003 9808 8106 4172 8266
118 6612 501 9401 7999 9830 2382 1592 8458 6627 1119 4272 2635 8468 7510 3933 3802 5965 2085 4779 3445 8457 2331 5836 7951 7868 9136 862 5743 5634 7361 5955 8876 4055 4612 2190 2379 9817 2364 4794 5969 8842 4571 6792 9172 77 8466 823 9619 8875 4898 88 5271 5909 8637 9809 4187 1986 5358 2160 2118 9353 5 8264 76 7316 4696 3086 1099 3885 6885 6973 4320 6221 7821 7726 1045 8057 2080 82 256 1535 1327 1538 5128 7003 5631 6521 896 3734 4195 3382 9120 6164 2108 9109 6698 8498 4707 873 2776 5847 1743 44 5365 3673 5629 6898 7200 7972 8542 962 7238 9204 5135 2470 1775 702 6796
115 5164 2501 26 7077 1569 8416 1359 8860 6137 3147 1039 2631 9905 5108 1408 5354 6866 4074 5053 8606 1102 4346 5722 2520 2389 8580 5268 7808 8946 6170 7772 5378 5695 8223 520 6322 6717 5037 2728 3847 9131 3942 4882 8915 5495 7832 3170 1760 928 9979 5582 6430 6602 2897 1128 3229 8709 5417 6265 4843 7818 3644 1733 4072 3590 2610 9592 831 8081 6711 1930 6399 7243 7233 7059 6342 265 1929 5360 8676 6756 4440 6467 3907 2484 5295 401 7755 3873 1166 8400 9043 8965 6615 8450 2981 1624 1366 7070 3353 3956 210 189 5615 5621 8669 4209 3491 9281 7186 2241 7266 7574 5346 2891
114 5199 2396 4786 9851 974 9963 8908 8613 8292 3999 7459 1161 1321 6862 3601 7895 8357 935 2480 4683 8865 5723 1267 3136 3922 837 4107 306 7008 8242 3971 5819 2237 2765 4881 7673 4349 3009 9495 1868 331 4926 8341 4849 3570 1429 1499 7825 3315 2926 6452 3282 7887 9356 6451 4049 2881 4792 3957 5190 6253 3199 5767 9710 6710 9848 3860 7204 5934 2830 9207 5677 4701 8756 2848 5255 6432 5863 7321 2349 5868 4269 1040 4752 2892 3836 7162 9792 7031 6235 7211 3657 7960 979 6557 8719 5753 1661 4771 5772 3632 6450 9374 8911 8564 2058 1888 9115 4992 6814 6263 527 5418 2476
114 3271 8406 8486 4001 6649 8389 2493 1292 97 1174 1657 6730 4252 4305 2748 7662 9340 6004 4214 7036 6693 8708 2808 7867 672 2675 3089 7663 5325 9362 6531 3764 6301 3553 2117 8703 2627 6526 404 2522 8454 5460 2950 606 3507 6760 3066 6782 8680 1094 6757 4441 9027 5897 3536 4988 5277 1992 1145 7464 52 1545 4257 531 7884 6911 5099 8326 3567 1643 395 3614 2886 7191 3317 1153 3207 34 9025 2122 647 5811 2557 9890 8212 821 4357 2720 3926 3719 7163 7817 1180 8551 2077 2441 7785 3221 2683 9923 6986 3437 2774 6998 1606 9517 5261 3848 1304 8901 4375 517 5826 6142
115 2193 4128 7443 5088 8285 4438 8700 941 7843 2146 5278 1322 2005 3563 6533 2548 5116 2823 9860 21 1215 1702 8000 1053 1047 3283 711 6758 3964 3551 1999 6005 4487 9147 5724 6326 6372 5608 9351 2397 3035 2403 7315 5500 2332 3293 4599 1271 9389 5436 5922 7113 9233 2255 7514 1596 7485 8889 4724 7060 9280 2564 4697 5573 7548 9185 582 9119 7935 2637 3059 8314 7929 7444 978 2326 6784 2466 1719 927 2536 6585 8785 4959 4014 1685 8032 7632 3375 7039 8340 1022 4167 2131 1834 5447 2274 6586 6453 3618 8999 795 4596 3453 7677 3325 1810 8294 2308 6010 5835 3210 2649 6162 7067
128 4560 3420 2816 8260 6919 33 3392 2226 662 9422 5938 3580 4923 3731 4018 6020 127 7248 429 4671 2645 6927 2874 9949 7143 7152 3630 4219 3481 5866 453 142 7056 60 5867 1168 4366 6834 1837 6632 7919 4517 9133 3738 2828 1976 784 296 6781 5559 4422 3984 5331 9410 2908 7448 4578 7183 1103 6945 3399 8851 2356 8315 7872 7168 5093 4131 1058 4025 5604 9245 9442 4010 75 9039 1722 5712 8248 1382 507 5956 5910 7410 3827 5917 4955 680 4086 7171 1919 3646 1846 4878 1998 3798 6961 8163 3654 7262 2822 5064 2990 4758 6310 9342 7655 4869 6610 7025 3686 1418 2161 7323 3098 6590 2231 2604 4533 1905 1574 7529 9543 4858 4360 8171 6398 4118
123 8888 7903 7259 499 7654 9247 5661 263 510 1995 45 6148 5389 1250 3367 5865 9687 325 2375 652 2655 9333 8397 1346 5892 6176 2534 5962 4780 2778 3575 3455 7524 9742 8312 6165 3285 5734 2644 8236 6423 2975 3391 4562 2302 6318 9226 7155 7293 6906 1578 3427 9783 3345 4458 6000 5672 2257 1268 5596 987 1001 3640 4250 868 7701 5062 9800 5890 4561 3889 3365 497 8883 3756 6538 8189 4897 7707 4125 1309 2395 3930 5509 8762 1924 9642 9673 1106 3225 321 149 3548 697 9497 2260 869 7581 2392 5486 4116 4900 5496 3912 1621 5388 1159 7199 7142 5741 5679 505 314 9759 1555 2969 1873 4489 5157 4588 945 1634 9698
117 1448 4341 9512 6207 4990 3114 7858 184 675 3529 885 2864 4504 685 5415 7777 5566 5808 3258 2174 8931 9621 9819 86 964 3773 7567 5660 7531 6688 4296 4685 4171 2731 8109 1182 2671 5058 1364 9597 4280 9364 7521 8073 8067 3596 9436 4756 7709 158 9500 2384 7317 7403 985 716 776 9899 9644 8074 7150 3193 4421 2826 7322 8090 4662 7704 6910 7032 9150 849 4211 2960 6376 7451 7447 8481 2060 8026 9825 5477 1095 4406 6447 4263 8348 6055 473 3426 8639 9854 3429 3784 8491 5233 8381 3262 3835 9526 2535 6900 2157 1141 8804 8955 4782 7138 2477 8802 5745 41 6914 7014 8616 5833 6622
120 3081 3555 6809 463 571 9907 402 2815 3294 1144 7290 9164 1575 4008 9871 9369 7995 174 7584 9782 3439 6871 6744 8834 4947 4356 317 29 2593 1724 7650 9540 6953 1303 1331 9598 27 4854 1018 5683 9610 272 1874 2927 289 1932 2335 5700 8502 3449 2137 1497 4283 6258 3337 496 1749 5210 2061 5196 3372 2796 9038 8516 6317 486 8672 3934 8185 400 7674 6120 4201 5550 4832 5770 5178 2758 5075 1275 994 7603 1987 2328 709 3807 3583 3091 9195 686 6338 2613 8493 6801 1270 3963 8475 8806 5637 7109 7906 7220 4103 7770 6210 8752 4602 4413 1608 7509 358 9478 12 9186 7669 9550 8383 1375 1073 8626
115 6082 7791 6149 5845 8879 9811 1121 7120 6174 4011 5564 5513 1489 164 8138 4586 8188 1640 9769 5260 7437 6987 1970 3205 2278 7250 2393 283 6050 1588 9627 7173 4185 2872 5154 9755 2078 460 7345 6873 9271 4583 5520 3473 3327 3970 9895 4303 2370 8790 7167 1395 1935 2596 349 3977 3314 2888 5398 9824 9945 5043 1783 8344 7874 7343 4038 1179 909 3759 8868 5202 2545 2442 8907 5151 2265 8432 1658 2121 8862 297 5818 6461 5451 5213 6403 5101 6369 6031 5114 567 5069 6337 4419 4270 5175 2542 3364 9614 6240 4638 4339 3758 7937 8096 1828 7778 4255 585 1411 7083 435 2987 3261
113 8740 4471 5276 594 7702 9737 9116 1582 6605 8540 6732 8705 6924 4632 6304 690 9516 6892 717 998 485 5211 3304 2100 9672 6115 9124 439 6456 5217 3751 4418 5528 7097 3791 3505 3217 8843 2344 8543 6979 903 4961 1005 1956 9571 5849 8354 6852 2679 2673 1917 1566 7192 1955 9049 23 1747 3712 4123 8129 2102 7823 8088 2559 9699 7253 6992 1295 5519 5542 2571 5264 3564 6242 4031 7500 488 525 7506 9326 7364 5665 6566 408 1700 9465 7391 2454 176 7922 9586 4692 8627 1676 9134 6293 7338 6123 5085 9611 4704 5945 1537 624 63 8362 4785 9519 6897 861 7844 9005
116 6971 7905 1443 1016 818 2567 9977 6139 2570 2422 492 1308 1921 5291 8333 7664 3696 3833 6446 5809 7637 8395 6215 7992 42 3088 4971 9664 2674 4389 5130 6329 8989 1866 1854 8275 2519 6238 9434 3247 5593 883 5124 2917 9684 3290 7835 7194 5521 7442 6418 877 543 4405 5732 1196 271 2428 8987 5374 3101 7117 477 8648 3209 9250 6948 5234 2051 4217 1696 7512 7605 8013 7314 364 7733 9273 6353 7633 3559 8244 2030 2297 5515 7700 8793 2730 8717 8733 5570 3298 3421 1576 3155 9589 5106 1473 8349 8829 7613 3395 8253 2762 6009 4970 8054 9690 6411 6551 737 1028 7583 8077 78 5445
118 2232 3725 7882 1946 3376 2665 5035 8932 4134 8369 4193 5587 1803 3495 9858 9418 3305 5657 8453 6553 5687 4153 1617 6499 7494 7504 3598 5760 9529 9419 5345 2021 2633 7551 3412 989 6384 5752 5647 7407 6195 8518 7812 4670 5482 5911 4482 3120 4437 4837 5694 1118 478 6984 2309 8238 4735 9787 5171 3650 1564 2147 668 9221 794 4699 634 6428 5274 6842 4763 1200 9118 4139 1735 9010 3411 8737 8815 4259 8846 3178 7304 4032 6459 7372 471 6274 608 47 9685 5574 8080 5919 3749 6974 11 65 7847 4698 9022 9622 9983 398 1017 842 1479 8605 9900 5223 6804 3214 9257 8584 6383 8126 449 3562
113 3118 6420 4846 6146 8571 5806 7635 121 9034 3635 5372 9834 532 2597 4386 1850 3316 3112 9181 2620 1310 9486 4806 3538 5351 3863 621 7774 1532 5954 6810 1674 4744 6822 6981 5690 7098 562 2325 8797 2050 5102 5721 2537 8472 961 8401 7807 6812 5466 4537 1255 5448 6762 3016 3675 5118 1871 4408 2928 7920 8556 5551 9810 1652 870 3698 2230 8062 7467 9581 2245 5158 1974 573 3087 2105 1474 8702 5377 4621 5431 9279 8202 5936 7915 931 5585 5658 1042 981 4895 2295 1059 3710 8511 6841 426 9170 7893 5814 891 8135 6046 8500 1006 108 6294 8010 116 5913 1422 9727
121 3061 4230 4354 3148 4099 7432 9503 7330 6107 9026 6007 7370 2040 4740 7949 9754 9902 1758 4676 1056 6532 3381 3324 8684 4050 3960 1814 6619 3007 607 9534 3735 2187 9523 7653 7463 2608 7572 7365 6616 1627 9990 6902 1548 6219 3301 5478 7206 1298 9482 750 646 137 4148 5827 6023 9178 8902 3840 1896 4793 5948 8904 7853 9426 8001 7598 3806 9122 6173 2902 728 3478 1560 9821 1689 7495 5578 1064 753 118 5766 7076 9238 4382 9476 8307 5283 8531 3403 778 6799 5942 7247 7456 6884 4347 736 9214 4009 6811 8201 741 5736 1829 5079 8229 4282 2089 3385 2996 9600 9867 4235 1281 4521 7046 2206 4928 9547 7411
115 2922 8927 236 8905 2246 9469 4 3142 8485 1409 629 6182 7433 9559 1116 8608 6511 2767 324 8157 8761 7328 2744 5490 4191 3569 9751 2630 9843 6503 7196 2893 5639 1802 3510 7729 337 579 9277 806 8120 4914 9522 833 7081 5007 8826 5289 7544 3241 2867 3584 825 6908 5510 9965 1667 5505 5251 2680 4369 9695 9640 8295 6011 2496 1687 1819 6474 452 8495 773 9091 9101 3859 2506 8448 6888 3667 3777 3486 6722 6525 6482 6104 4721 3855 6777 6135 1664 356 5087 5667 6471 6846 4042 9725 1943 2659 2885 4918 55 8993 9799 798 2985 894 4964 6003 9521 2979 3196 8021 7679 8388
129 9264 6103 4415 9113 8149 5592 7805 2810 7092 2988 603 7577 9822 2288 4379 4848 3236 5042 4904 5452 5935 6870 7312 5468 459 182 8986 9076 1191 8609 2538 2188 9028 1766 1492 3947 3299 9242 93 220 1433 6118 178 5089 2733 9372 9506 2312 8953 9729 2217 1908 947 6746 17 2156 8225 1647 9187 4601 1699 1440 2569 6651 1910 3401 7555 5674 4647 8504 231 2305 9161 1966 1007 9092 4383 4864 8796 691 6997 1293 5327 848 836 8577 1277 2528 2374 420 6820 5706 5009 925 7371 973 4498 5876 6065 5518 6194 4892 3202 8014 6548 4334 1326 888 7108 983 8845 6641 4335 8940 670 3176 4548 1112 550 2074 1707 9123 8271 5483 394 5438 6923 136 49
112 5024 9405 3312 3212 6564 2566 9796 230 9126 3745 519 8436 2740 2772 6490 1417 3154 9209 4106 2227 7622 5844 1543 1950 8880 1522 5915 7052 9567 6477 9569 3723 2471 8895 1305 1672 7788 8306 7065 9552 7341 9146 2687 5040 2334 8994 6770 319 3837 6206 2618 5349 7914 638 839 7111 5100 9711 6773 3361 5952 405 5894 1469 8391 3544 4149 5627 6489 3660 5152 844 4157 5546 7339 4110 9078 7047 5925 6067 600 238 6708 5511 9537 6969 1773 959 233 1152 4192 9914 1412 2491 3891 5715 9852 2957 8604 7586 7539 625 9845 5789 1816 3121 5933 9 3849 7579 5628 9203
119 7644 8482 7789 2320 4917 9975 9623 2624 8757 48 6635 1323 7898 6949 3781 9604 9231 9037 7516 1009 4057 4467 6983 2894 2464 7969 9259 430 3032 2992 4499 2533 2781 2087 475 9252 2163 9408 5177 5541 1120 9143 1977 4554 6946 2136 8963 1509 4938 2889 3789 4618 461 9492 6659 4506 4968 9733 5160 4841 4976 2698 4353 6925 7870 9602 7198 157 3238 2286 3945 860 147 9488 5527 6895 7307 7697 4543 8690 6955 7566 7836 5729 2228 4068 6510 3589 6783 2162 5558 9019 7687 1831 6857 2310 7420 9864 1019 4667 6141 3894 3124 2419 4175 2934 2530 6950 4170 2916 7462 2340 2035 2580 5781 9479 9453 5681 9059
111 6791 2801 6541 5705 6683 4688 4073 1205 274 4407 4472 6544 6198 3278 9958 5800 7829 2490 8325 8334 1561 124 6468 8968 9473 6543 6779 2145 3362 6838 7282 3458 4728 6 1890 326 1990 4044 7288 4616 386 2651 2821 9159 379 5829 4979 4804 8623 3219 254 8525 9807 1257 4231 9994 8503 5949 3796 1792 6957 3901 3250 4385 8155 1274 956 2059 5430 172 2247 3494 5805 8402 5912 2275 1225 2877 5543 7401 3560 4266 8078 141 2546 7091 6188 6724 6869 5617 7018 9504 8002 5068 15 5153 1572 8949 2970 826 8670 3741 4738 3722 8218 1199 9768 8419 993 8803 1125
118 4695 1979 9334 1595 8827 1734 56 2457 8849 4363 7794 8219 487 1361 1313 2903 3603 1559 5010 995 9875 3920 2373 5263 1189 1430 1024 198 7101 1885 6943 8791 890 8603 2182 9732 9125 4693 5569 7722 9293 5383 7095 972 7489 2069 1383 6658 9883 6939 8538 6958 498 8961 7525 1718 3459 1266 4432 7012 8020 5804 7311 3413 649 9162 9310 2289 4873 2366 734 3655 6542 4710 6853 7570 3000 4361 3096 4802 4850 5733 5402 8666 5940 2303 7182 1918 3993 7966 7790 7356 6334 9220 4995 9922 9528 5473 4254 5046 3688 1222 7815 1165 9508 7055 9620 2643 2532 269 2165 3479 9631 3017 7732 4026 9463 7846
114 8035 6833 3485 4431 6205 9776 9555 6687 100 3468 2129 2753 1827 5488 1750 9198 6427 3191 9838 25 8763 9549 4088 803 9272 352 5761 7892 3108 8517 3418 9785 4013 9633 5494 197 7982 9984 8981 3038 1289 846 2114 7042 4308 9240 1302 6442 3172 5416 8618 1899 2735 792 7552 955 8557 6740 5501 5554 5458 4722 5862 1002 111 8347 4328 9112 3944 1843 5908 6934 1525 4867 2037 5028 2764 8222 918 1070 1714 900 1463 4708 7672 5874 1670 9258 2705 213 5272 1023 3052 8256 9393 244 4547 2634 9498 31 636 6234 7 7368 1109 4539 2790 9818 339 3440 3475 5572 7543 790
121 2622 1218 7073 7422 8695 5459 7540 3496 3005 3577 5169 8430 3528 6153 8839 742 327 8268 7219 4330 2819 6397 5967 3535 8442 3892 3610 1740 123 7587 8643 5410 2574 1514 6685 3416 6800 5889 4119 4251 7688 4844 9638 4949 7783 3951 6433 9580 5299 3853 3004 4156 9196 4105 8328 4925 9197 7425 5854 724 8800 538 7226 8055 7638 8567 372 251 9103 8673 5395 83 2055 6159 3566 2254 7717 7215 382 6702 5777 6807 9397 2046 7856 7303 1044 3959 2838 886 2367 9705 1101 5305 8283 7178 1164 576 109 9789 4694 8897 7249 6540 9731 8226 5821 91 9173 1228 2042 7862 3856 6597 4479 3744 4972 7943 4469 2817 8830
117 2682 7578 7296 6284 5794 5456 245 1859 2932 5095 1805 1947 5301 3786 4081 81 5020 1419 3572 4885 3457 5214 5702 796 9127 1983 9440 8923 2287 7471 5563 3400 7022 1484 9865 3558 3626 7773 4463 4056 6636 6748 6332 2408 5832 5312 5678 6634 5788 1138 8111 115 898 6160 4791 6308 3360 1915 9578 6709 1869 7723 7151 9138 1343 4394 6890 7118 2628 3256 1306 4776 7781 1693 9795 5479 387 8092 4808 9593 3287 5879 4218 3128 9139 162 2951 3093 2587 1914 9606 7576 8317 5839 683 458 4985 1508 3748 6076 745 2982 3488 3718 6620 7223 4577 1284 53 743 706 8075 3880 8696 9888 8526 5598
120 4513 2677 3713 7681 7948 3369 224 9956 708 1314 5579 1242 618 5796 4054 7845 560 9665 2600 1155 6507 2418 6912 5540 2440 1113 786 1787 902 6328 4019 5498 5937 3896 6250 1088 3542 6480 1824 9341 6177 757 2738 7106 5249 1036 8332 5689 2949 8417 9144 7939 5611 7174 9840 7069 2612 5316 2101 3928 5180 3670 5680 943 3941 2329 3085 2250 7002 4556 3817 9331 5870 669 113 4380 5774 6132 1130 5017 4098 7721 6028 4279 9641 221 7088 698 4169 8578 4915 1038 2018 758 7933 4387 8863 3309 1287 3058 4645 3408 9083 637 1214 590 3159 7737 5335 8620 8041 8978 468 1515 3434 1434 1342 3119 8922 248
120 6626 9458 7880 9588 1649 4607 9383 9236 6069 6404 8377 705 6256 7591 8034 7325 2754 8492 6122 6694 729 4021 1597 9157 9443 2699 3990 7719 9292 5012 7792 8745 657 9767 9643 5303 6100 7820 5051 2701 5504 6508 6252 5117 3826 5613 7217 3466 9361 2962 871 6105 8871 9790 237 4000 2221 9009 7645 5446 2316 8318 1985 3195 8286 5334 1776 6578 5218 8523 5517 9943 8689 4036 6581 8537 2354 6313 6920 8359 1098 4921 7189 9425 6592 159 1075 4318 1600 2779 8146 7024 5142 9763 3721 6025 7305 8512 8611 4905 7185 9145 1526 838 2084 2083 3377 6081 7924 9365 6316 1953 874 8874 960 3415 7146 5321 7765 4799
112 7533 591 9309 3518 7511 5771 8345 8699 7170 5176 6550 6713 3477 4991 8016 1684 8734 1052 7628 9666 8837 9007 8939 6745 7349 3026 9355 1280 6303 9560 9773 446 604 1605 2038 1126 4206 2142 6441 4497 6637 9013 4484 9539 8772 9723 1085 2991 4830 3820 9595 5725 5843 1431 7631 4096 5195 7863 9263 5861 5019 62 5828 3180 3125 8746 1895 7946 7084 2739 793 2062 9859 9317 7834 8749 1244 5605 8033 4388 6218 4788 7040 5626 5765 2252 2863 6909 6333 4627 6515 8602 16 9997 2998 6703 9102 3677 3908 4568 2345 6426 5104 70 1396 2104 8536 8180 2359 7899 2576 3139
