11 2735 8227 1582 7981 810 1095 1419 2794 7042 4042 142
20 6403 1949 7477 629 7081 9632 9611 897 9077 3498 2063 7164 5956 6204 6469 8491 6561 4874 5985 3286
13 6689 1227 8713 5535 9252 3330 5019 358 5823 7944 6797 6666 8047
24 1735 8021 5205 7557 8682 5135 6346 9481 2966 1716 2630 6581 7510 2269 9099 7100 1881 6074 2878 349 7154 9782 9389 438
32 3156 2166 2147 3022 4024 7263 4756 4227 7197 8486 9073 6301 4515 6406 728 1790 8883 5052 9665 5255 9788 673 1526 6700 8100 3162 5435 3035 5973 8717 2818 3969
26 6670 7156 9267 8816 8791 354 8151 9833 8780 5101 4921 6235 754 9213 1145 9331 3689 7003 8248 1577 276 3519 5325 8333 6761 3611
19 3090 19 3067 5507 119 3740 4764 2673 3785 542 9438 7221 2315 1590 405 1882 7536 814 7482
27 4586 5721 933 2663 8379 2527 2415 6041 395 8428 929 5004 3447 946 3387 9616 3706 2685 3598 4738 7821 9540 418 5845 1898 6840 5265
23 5304 6493 9965 4064 4782 8155 8259 9742 3623 3829 2907 1695 5103 3383 9315 4380 4702 9745 2868 5095 3687 9461 6221
27 541 1372 1030 168 9289 942 8228 4798 7066 3909 987 4472 2417 4209 9185 8958 9447 8347 4889 1068 3953 4182 2067 5705 8070 3229 9329
14 5769 1384 4194 4686 5158 1215 9466 4327 9641 3228 8662 6161 9298 8563
16 1335 6745 208 2578 3062 23 3071 165 8369 2728 2046 299 2764 8044 994 7649
23 1757 8484 9495 6922 2982 6024 8412 5260 8229 5635 7791 4899 8544 8470 8916 7531 9835 5793 2381 7292 3822 8097 1545
25 6252 984 1864 286 2842 7749 319 7566 4533 4489 7007 4487 689 260 4870 9170 6509 9967 8276 3179 9206 2165 8612 2618 9747
27 1209 696 8978 4830 9751 3102 6737 7316 1008 3079 6708 4688 9043 1501 6187 3568 6974 1666 1906 5236 9600 4922 7964 421 4510 1359 247
30 6418 9595 9805 4228 378 2919 7642 4724 9288 3466 7857 8551 2179 4856 4985 7403 6829 3917 1982 6289 1678 1083 3581 1957 1380 7083 1490 3637 9726 1088
19 2327 5487 825 3783 4914 1294 177 9900 4838 3297 8885 2521 8183 8558 2886 770 8078 5273 6870
10 5245 6239 135 3554 849 8306 6521 7074 1677 1478
24 4829 5815 8743 7205 7502 399 1402 1702 7552 733 6940 6149 4631 7782 3206 1401 5938 4416 6015 831 3043 2090 9850 1929
31 2912 4885 8573 7572 7172 3453 7901 2817 8378 7988 2122 8857 6982 8646 6820 7098 9163 1382 5639 5186 9063 4422 6535 7261 6598 7722 3791 443 1653 1547 7906
32 7561 8848 8382 9575 4409 3802 6805 3622 4828 2477 5481 3963 1612 2052 1905 2139 5696 1857 3212 6928 3301 7997 7954 5051 7514 2821 5399 7955 8265 9786 6817 3883
5 3578 7113 5211 3341 7713
36 8518 9405 6304 975 3585 9345 6652 8671 6719 4356 7309 1391 2568 15 7796 1822 3997 8416 278 7260 6609 6707 2340 3912 2336 9725 7137 4573 2469 5229 3143 5533 7814 6433 3928 6479
31 7429 2233 965 3717 1386 9492 2059 1565 1725 711 7516 7045 5386 7262 1394 4316 7454 4144 3299 220 1615 7644 3189 5595 5010 7878 4501 6606 6715 6685 7115
8 8731 5387 7347 6904 5862 1163 5513 2055
19 2883 7108 6630 285 3710 4062 6888 9884 3031 1876 5675 5419 8524 4997 3878 1953 551 5945 5886
19 9514 477 4233 4299 4250 8034 823 1263 6744 2749 7449 1434 3081 3504 3703 401 6348 9336 3204
22 7475 6794 8370 3411 6316 9620 6648 46 1583 5014 584 852 2341 1747 385 3413 1058 503 5742 1093 9638 7111
21 7499 6662 2975 6420 9002 475 8882 5837 1523 3258 1930 7712 8063 9376 4232 2793 8525 4816 4715 2475 1998
19 4839 3708 7926 5532 5104 77 5271 386 7721 5993 5677 6315 9683 1877 54 9257 251 7375 9796
28 6466 7455 5710 8448 3616 2600 1884 4485 7043 6359 1297 9482 8864 5039 7645 6437 2580 1320 6129 5997 6394 7242 2550 9010 6300 5988 4315 86
25 394 9191 8588 6984 6305 4913 6593 6248 2246 1071 3672 3372 9894 5734 7520 2003 7851 1848 8866 983 1354 3310 1731 1456 954
6 9698 1973 4366 612 7909 8364
13 7716 8231 8969 9958 4229 3563 1549 5797 2070 7228 3734 5029 5865
19 4098 2106 7631 5957 1460 1046 8595 4552 2260 1051 2835 4378 3182 889 5482 7521 6572 1262 6960
28 4066 315 47 5627 9610 2585 3530 5782 6211 7935 1029 9941 8833 9739 4067 6774 914 7897 8886 2987 5871 3886 9154 5812 424 1127 3589 8910
4 7468 8394 7694 3861
27 6649 2436 5541 8614 2464 4749 1968 5437 2025 202 3070 5092 9880 8115 7419 8776 3523 78 3613 9413 4812 4149 6310 9936 3448 9146 383
20 741 1874 2654 7384 3115 8212 8693 6682 3438 4925 9933 9040 8825 9690 4269 2730 68 9259 9891 5718
28 8840 864 2973 2338 6402 6618 425 5099 8326 6495 3142 6014 4187 8013 4382 4917 5397 5066 793 1172 5800 8095 3971 5331 7219 2227 5633 8054
18 5341 4546 4624 6645 8035 8243 8869 5033 3798 5959 1069 8293 6926 3121 4264 2762 2068 2528
7 9283 6849 2118 1997 6293 1817 2049
5 4143 4781 1002 3685 1339
21 768 8073 1206 5679 6378 4343 4357 1976 7285 1358 3801 6935 5916 123 1760 4444 2195 944 9876 4904 8119
17 5424 8024 9255 7196 6762 8990 9420 6238 5127 4577 5560 4399 8676 8168 1732 7733 1437
8 9449 2132 8173 2368 3648 1376 5138 1410
30 9393 3540 8574 7876 3666 1667 8504 5088 8300 7604 4800 8798 3007 3854 3967 3772 4086 9534 7802 6282 1432 7623 7518 8114 4230 9168 8613 2819 6191 2845
34 2247 6123 200 4246 3915 9872 6078 1311 2072 2407 3271 6064 1638 6728 2506 3982 1719 4730 8846 9086 5277 132 1103 9253 427 60 3140 9781 6944 573 9123 8226 5629 792
10 4059 7687 4635 5777 665 7190 671 3190 4027 6285
31 4058 9985 2881 6438 6261 3949 8272 2107 1799 4642 2882 3213 2994 5852 7063 6655 7272 1124 5128 1259 3897 7447 2367 5339 2801 6964 4671 2326 1972 2865 6470
19 2917 1438 7792 3557 4953 9842 3513 4696 9812 2885 1348 8987 9908 6908 7755 3597 4460 7741 3560
28 1305 567 8548 9926 2992 1797 6512 1436 2388 5021 9963 8814 9321 6513 7914 3796 2213 471 205 5357 7970 5216 3324 4996 4203 4193 2677 3402
10 4078 7325 362 3954 5542 9552 7244 5855 1115 3313
14 7657 4387 3334 9702 7245 1631 775 189 5394 7809 8891 4751 579 750
30 5440 8932 7117 6536 266 7922 9576 2355 7513 2174 1292 5219 490 2694 7130 4486 6130 8997 2358 5456 6626 7703 1426 8411 7350 9307 1141 8269 9736 2273
16 4094 3049 6068 5017 8747 986 595 643 8945 9881 5201 7147 1064 6959 6477 4374
17 5235 8630 4170 1221 9625 2323 1762 5457 6589 9238 7624 2601 5143 3470 1235 6505 7061
29 4742 9733 1100 3830 5888 6575 3778 5298 9388 1944 235 4892 614 894 7966 738 3401 6144 3132 6516 2674 7739 3658 2474 6717 845 5508 8797 7036
31 1273 7612 1421 4003 4065 2693 1592 7259 7222 4988 8383 1053 8829 8201 2579 1916 1360 4534 5585 1404 8639 4780 6770 6986 51 6968 2211 6993 8744 4445 9906
29 187 1228 608 4807 9450 3789 9678 2126 353 2314 799 2468 3163 2144 7099 556 8004 6720 7495 6586 1925 9465 9427 13 6099 5515 3792 557 8897
24 719 5352 4034 105 2173 4561 1979 8811 9630 7497 576 1270 654 1244 4732 416 8619 6112 913 1295 906 2914 3945 4662
13 7109 8254 8609 5952 106 3086 1274 9840 9350 4859 4731 4540 8722
25 5018 4877 6164 7602 3445 6023 6251 6172 4236 4677 3694 8976 8359 3960 8974 5930 5319 6295 5493 8913 9883 7416 9765 8120 6051
19 7064 2742 3833 5593 2343 4072 1123 4073 279 2956 2299 6006 6869 7121 1851 632 6577 2262 766
12 6269 3424 9631 1777 832 8191 8695 5803 4699 2558 2156 4796
28 5881 3029 7430 1508 8110 6280 4256 8263 7532 397 4353 8334 4881 3269 5157 6777 1696 7848 4461 7942 8215 1334 5207 9484 7784 5230 2329 9536
24 8698 3170 8309 5663 3036 5263 4607 156 6659 1117 5105 21 1819 7819 6083 1781 731 195 9688 9895 2672 1694 2005 1022
7 5402 9459 6349 7839 5840 6 6650
28 113 3104 9586 7883 5601 4880 7425 6344 138 6868 1236 453 2563 8691 5785 6860 1017 2655 4239 274 8714 6688 6936 3923 5831 1204 685 1134
16 8271 8629 5025 6220 3270 8194 3117 8981 2702 6056 7296 3977 2205 857 4890 4646
7 7227 3246 4994 9301 5294 4599 7953
15 9020 842 3354 57 2754 4070 1623 6046 2491 5596 9120 6087 6750 8308 7404
17 6965 8426 8915 3566 7284 1706 8914 2294 966 2564 6693 9486 9383 4392 1230 1137 4292
28 9901 2928 3866 8554 7710 5584 9889 5238 8851 6106 8918 912 2546 6897 8545 2903 5850 9363 5594 620 7559 7973 2318 8684 3899 3762 828 2463
22 1866 8449 41 7874 7884 2207 7256 9858 8617 4045 821 9729 9844 8051 2229 8460 2715 1140 4778 3713 9860 3264
15 489 4437 1970 2261 6357 7479 5279 8968 1129 1158 1495 6524 3063 2529 9990
26 61 2026 7465 9254 2639 922 2105 9647 4328 1710 3314 6345 4566 2479 1871 670 1840 256 5389 940 9489 5531 1149 8251 6616 1705
21 6039 4965 1756 7879 3473 4454 4565 9318 2012 6299 9093 577 3979 3312 5867 8142 6209 762 3134 4145 6260
16 5381 5990 1010 8133 1102 7535 2453 4584 586 1861 8605 6384 6789 3500 638 2225
12 5649 3468 1246 4361 3488 5469 5065 5836 1060 8137 7758 626
21 8102 5332 2330 9001 2218 8025 8074 2834 8946 7969 8107 4175 9953 960 8180 5750 9567 1652 7138 757 479
25 8395 6558 4421 8146 1873 9130 4017 7808 3901 8407 4787 9859 6114 8749 1217 6612 4878 8427 1167 1548 8496 1229 7050 8777 3705
19 5716 2079 2455 5955 5779 5371 6980 8822 7725 7688 7405 9719 1120 9711 3836 3860 8098 7057 5606
26 4214 5034 332 5156 7785 300 2075 516 215 2467 1736 693 7728 3684 4572 7838 1608 4726 3322 4864 7509 5726 570 8507 6782 2251
22 2576 8158 5771 6012 4658 6814 896 7730 9156 2220 1197 4802 3077 3377 6873 112 5630 2311 743 1131 4465 1190
36 6961 4260 8832 4285 596 5662 1331 4400 3165 9566 121 6379 8760 5768 3356 2796 2189 8475 5984 6086 809 8318 2489 4708 4783 9857 5030 5197 9340 7517 4192 8641 9971 1136 2203 8238
15 4494 1651 5887 5756 5453 7448 2362 4588 2186 8972 1936 31 4220 7676 6148
14 4150 1024 248 6430 1365 1250 9964 7873 2192 7120 6591 3028 9827 5232
20 24 739 7768 1843 7698 3701 531 2831 2187 9101 8984 8214 1364 3761 6619 736 9767 9268 4710 1000
7 2559 8736 1588 3200 6742 3414 7110
20 84 3311 7372 7870 3972 5428 4021 6247 40 8638 463 8620 9006 304 4368 9083 6055 9456 558 2620
27 1040 2788 5307 2787 6272 7745 8245 2439 4942 7363 4915 6478 7340 1089 3834 5843 8899 526 8036 2136 1536 2961 790 8352 9215 1001 1825
6 4307 2738 6053 4011 1744 4321
19 6198 2641 7314 35 7438 9604 674 6672 7075 7992 7485 8221 1903 4041 8279 2152 6241 9766 8775
28 7040 8458 6200 9657 9457 3215 2386 1098 1415 7794 4221 9022 7842 2978 6290 3893 5738 8006 2619 4952 4129 1669 8589 7660 3014 4977 3819 4047
9 117 8711 867 7361 1470 5026 9541 3962 2430
19 2949 1609 3291 3227 6102 909 8738 7327 6528 6827 1183 4950 3955 5683 454 8622 7163 6981 295
23 273 666 2209 8296 3570 2034 3847 7999 9355 7461 4505 6286 7470 8633 745 192 6193 9794 2258 9865 2814 6016 6314
29 7861 9090 9813 8536 1685 9127 2394 691 4989 6156 2906 7592 2513 561 134 6556 4173 4468 4191 631 3010 1059 5752 9960 7568 1602 8701 1247 710
28 9707 5727 9401 3426 9654 9477 1733 7342 7762 2921 843 6885 2909 9270 3752 9080 6810 7095 8135 6557 6050 9261 2514 8702 6828 7978 6661 807
14 7929 726 409 210 1910 5344 6491 5356 1752 6905 4453 4625 5992 9824
29 2061 7889 1142 9104 1755 8529 2076 4792 9408 6476 9553 2548 6866 282 7021 3674 1050 6948 3136 528 3076 351 5762 5617 4556 8386 1958 3688 1559
25 8878 8274 2916 6927 6639 5374 8809 9687 6386 8261 4906 2768 2004 7168 3567 2199 9351 5897 1793 4174 6635 9596 5659 5563 3478
14 303 3358 3536 5110 2872 5151 2855 7233 3275 9590 3727 5003 4568 8131
22 6263 5615 5369 6409 4291 2927 9375 7595 9019 5190 5438 9502 9522 4146 4766 2450 2349 955 9878 4160 9970 3562
19 8310 6502 2143 502 4973 8421 8523 2675 5809 8239 8431 1834 6042 5767 9572 2931 1463 7542 8422
31 5445 2424 7585 4153 267 9037 1441 1182 8996 8815 5872 8400 5249 5577 3392 7032 4166 6773 1782 1405 5144 9203 746 3978 9323 9875 1425 2880 8888 5547 7252
18 8758 3430 5351 2799 2751 8992 9699 5496 9697 4183 5781 1506 7589 8130 2337 9676 7783 9677
14 2015 211 5426 6178 1748 7817 7453 7264 6990 7185 8138 5647 3620 9532
21 9003 3918 873 412 7807 3072 7547 186 4809 815 7500 426 1542 4760 4462 5322 3113 6978 4641 532 9326
7 563 3338 8220 6243 1067 6441 6288
25 677 6529 513 4048 3750 9136 4060 2680 6679 1596 2403 4341 2701 7038 2588 6976 8096 5688 4408 6177 8482 5264 5443 7943 2221
37 3607 3409 2626 9144 9757 8796 3879 7203 9846 1062 7778 5632 7381 3550 4518 866 5139 4912 6754 8567 7608 1853 347 4719 7545 2149 6100 8409 1484 5974 8942 4215 4785 9580 321 6323 3380
18 2720 6139 1530 3017 7444 8108 9399 340 6028 7396 3492 9961 7751 8405 3872 2606 7539 9472
19 8477 2297 6910 8540 4272 7195 5733 6588 5427 5270 80 3630 2830 6250 1837 3898 7201 8808 8171
25 6002 7140 3849 5829 9871 3807 9410 2857 9222 8610 7037 3645 4330 6047 991 4442 1094 6072 4151 6233 4488 4022 8606 1718 8947
19 3055 7398 4833 7574 4657 1693 9134 3482 8800 6746 2898 6443 2 3039 8661 5098 94 8286 7433
15 2432 3245 7804 8819 2365 5365 4375 466 637 9069 2993 7311 980 8949 8850
25 1867 1784 8892 2440 6392 3433 9897 6333 2272 5001 9998 1624 5080 4560 7018 941 2582 7279 6841 3882 1303 4759 4273 3903 3618
15 4758 190 3773 2518 1 2217 5169 524 1176 3731 2740 6975 3824 722 5543
16 5335 2296 1251 7446 4115 8530 2781 921 2291 2164 7145 2645 458 8553 229 5020
22 1776 8020 9806 2216 7628 4643 646 9165 4331 3531 2240 8830 2850 4044 1317 3959 7646 3013 9966 9404 9529 1284
17 606 1447 2422 3462 5212 3565 4656 5642 1676 4163 9849 6181 6363 11 5969 5616 2964
29 4309 1838 5466 6711 977 6886 9564 4744 3790 2846 7949 4121 3776 9237 1566 5168 1572 9161 3431 5609 6675 3273 9434 176 9032 3571 7533 7825 4186
29 2465 3546 3572 6836 5712 8059 241 1487 3393 7812 388 698 8344 7798 4902 7397 6704 9211 7027 8457 6022 5549 1878 1829 7251 5130 5931 869 2280
19 4525 1194 5377 9116 3818 952 9028 7207 1417 6566 8125 1922 6306 1043 6317 5150 2697 3064 8384
32 9313 7028 5006 5120 846 9949 4930 4384 1412 8075 1643 5610 3691 1368 2713 5600 8725 4235 7960 4262 6180 2496 2858 6448 5634 1080 269 1472 1261 2312 8185 2163
19 3697 8774 9633 8991 7034 169 2473 5553 7071 9126 9443 3087 8880 5749 3040 8211 4197 9004 3284
31 8213 271 6265 8868 3112 8298 7933 7761 7829 8533 3782 6389 8741 5061 2154 5904 9946 6667 4626 1919 1126 9885 4861 4908 2628 4752 302 8654 7881 7487 939
17 7188 5856 7637 9947 8192 3809 2721 2488 110 7437 1581 9005 8503 9025 2114 5848 4538
31 6843 2963 1054 5732 6398 1079 9242 5713 5962 2292 1166 6883 6909 4473 1681 8547 4237 3300 2552 6077 5761 3293 1157 8837 2050 1680 2629 3238 5011 3042 8700
6 2828 9087 6003 1186 2660 3848
21 1879 4455 7666 6563 7092 2696 9684 1109 3867 4853 2541 5965 6653 4757 5599 5395 6702 3712 818 3781 7467
30 4056 9768 6202 1500 6615 2033 6132 3099 8956 5700 387 3127 4499 2040 9378 9643 9533 8199 9212 8841 1525 8569 4169 1708 630 6545 2747 5825 2691 3825
12 6780 7357 8207 511 5656 9923 2745 4130 8506 8373 9436 7206
21 7088 4467 7483 3404 8729 2632 9653 6351 6651 3678 6166 9197 4271 8579 7044 3248 7977 6676 9831 3514 5672
32 3667 5060 2566 9353 381 2981 4532 1203 9968 4564 3428 7286 5981 9348 9704 6332 467 4681 3339 8905 9310 5119 4576 5111 4466 323 5467 7035 2998 9097 263 5125
17 3168 3459 128 95 6771 753 2653 2753 6587 2866 389 7951 3522 1636 1213 3097 8217
14 6913 3461 3490 497 9497 6062 1872 6582 4329 5883 2806 6080 79 3569
6 8564 6377 6154 5789 5961 5478
14 9670 166 150 6710 1634 6580 1686 7387 2095 4775 6681 4734 3924 6527
18 1815 1635 3403 935 9180 2930 3326 4398 3133 1220 9701 9823 7726 4539 9322 3256 22 492
18 6694 7319 3066 4141 1381 2088 8287 1370 7144 7431 9417 6302 7836 1726 1909 3626 7831 5819
30 8509 9691 6255 1503 7382 8937 3775 5400 9652 8316 5306 6452 6930 2765 3242 4289 7076 3927 5638 8971 973 1091 6496 6768 1174 5972 5439 9454 343 4695
10 2418 7671 8810 7736 6032 8282 7136 4474 5224 4268
14 6633 6851 2649 9579 4944 9441 3454 6743 7972 1327 4296 2322 170 8154
14 610 945 2782 483 330 5375 6956 3952 2867 118 1960 384 262 5573
20 4882 8739 7249 5347 6729 7135 1143 8478 9034 3634 1611 9772 9955 6895 5731 9942 6045 5494 5293 5665
6 7911 5654 3263 7567 4602 4887
13 9121 9021 2800 5893 2759 3745 3407 9391 7087 9277 3378 7459 962
31 6160 7082 8346 2305 1601 8187 6809 2304 2802 3675 396 4247 6677 8339 2923 8299 6977 1072 3738 7333 496 5363 7828 8522 4900 1074 9637 1552 3838 9770 6439
29 8420 6877 1804 9680 3319 5495 6313 3532 4270 5514 2612 3075 3231 126 1519 4970 7583 5589 8875 3769 8751 191 4983 9642 900 2310 2862 9558 3302
28 7799 5393 3786 8803 7193 3194 3181 6579 6882 7271 350 9407 1767 9155 3359 6996 9547 1165 2894 5518 3056 440 5884 371 3853 795 2544 9476
33 6952 2838 9845 6000 6526 1352 8761 4858 7903 3173 8307 5999 4893 5180 6043 2109 3352 3195 1493 5035 9594 5336 7426 7336 6592 2353 4928 7241 4841 2456 1185 7756 6559
31 4788 3160 720 6069 4137 3038 8642 9364 8782 9817 1431 7091 8516 7217 3489 9877 3360 3935 972 1895 9098 8084 1661 5162 6311 7436 6890 5149 9334 8582 7049
25 4687 7451 4848 951 5678 8367 4713 178 5160 5465 4924 6821 624 1779 6117 4218 2242 4810 4548 644 7611 1713 5348 4803 1006
12 8520 5510 6450 1326 4493 494 1458 4857 2346 5889 5376 8375
29 3743 2006 2539 6567 7253 5409 2119 3974 833 6751 1012 724 6699 5470 4739 5687 1538 6371 9994 1329 6992 9932 5345 9759 525 2623 664 590 1923
24 9979 6747 5636 8285 5620 9064 751 4541 1494 9505 8058 7843 3421 6806 5670 592 8599 3198 995 5669 8080 3185 472 9721
12 2941 3138 6125 9954 788 2824 7338 6035 2516 4348 5697 2169
9 1528 9128 5214 601 5917 9761 6407 7693 2053
26 1353 8209 4794 1908 8940 161 4958 826 7274 5564 2248 7339 2309 2526 2089 4290 7402 3 2396 2943 3045 1388 8469 5947 5488 9723
17 585 5875 8902 4016 2333 4854 9044 1836 2707 4589 8240 4265 8877 1841 9938 1813 1020
31 3030 6924 8440 290 9819 6196 6270 1746 6283 294 2374 862 5486 9508 9554 6176 6105 8015 985 8778 6267 2876 850 5459 2671 1683 3126 1454 6487 5714 4846
16 2008 8435 3188 5711 1474 3418 6237 1912 7122 5141 7863 2786 1514 6246 6492 2172
34 445 7553 5425 9562 2731 6026 1232 2661 8909 4089 3874 5256 5289 8027 2151 7368 9863 5032 6726 5002 4259 4055 9911 8634 2201 1712 5223 1351 1801 7696 3884 5685 2609 224
13 3281 5113 245 4720 4411 9750 4669 9787 301 4479 5939 8499 690
18 297 4959 3092 4703 9071 9199 5951 7837 4213 6727 6094 1715 7009 2116 8361 3395 9740 5471
12 7862 9636 5628 3122 7562 1589 2393 959 8253 8332 9937 6434
26 734 1984 9469 3050 3116 4990 990 9912 8631 2910 3135 7046 512 7788 1780 3223 1397 87 1044 2080 7051 8948 8106 796 3975 8789
7 4346 7180 8328 9382 7277 6182 5982
19 9523 1860 3129 3108 3680 1496 6399 1660 865 9000 3085 9333 9987 7062 7006 3331 2789 3244 7581
10 1664 699 1869 306 4811 6533 6368 8552 5398 5244
9 622 8586 2718 9921 6322 7946 1805 811 5841
35 568 7116 3779 9549 152 5267 7665 1443 4278 5702 6218 9379 9607 6231 6240 7626 4452 8920 3484 5068 6027 6347 5826 3956 7976 1099 9777 9437 4545 1086 7257 1935 9993 7393 8666
25 5885 2536 7406 6942 6764 7494 4862 3793 7769 3507 5864 2990 4217 9428 999 7720 8900 4448 4524 7127 6236 1928 8260 257 3120
20 6115 7287 3865 655 5240 8128 376 8176 4300 1859 4528 2302 4808 3041 4383 197 8925 9432 4040 6170
28 8962 5237 5540 640 611 3366 7276 403 1081 2395 1309 7457 7508 8562 9983 4248 1688 5919 3187 7844 3283 6899 4753 3863 7002 2223 4649 4955
16 4090 7320 6307 498 4396 3054 3760 3911 667 7596 797 234 9555 5476 1950 1633
25 372 3596 9320 8338 3375 1627 2741 5853 4503 6832 6925 3751 4898 974 5166 8242 5863 9423 3309 5707 8762 1969 5774 0 5821
27 5717 2123 1267 5892 9190 102 6989 6716 9612 7080 3845 9264 4043 819 7328 1337 5165 3730 1786 9271 289 3265 8090 3858 4354 4308 4319
17 6706 7020 2074 2212 7139 6835 8012 2030 9606 7639 1028 8455 8275 291 8674 4311 8862
19 9140 9463 4665 1994 1580 3537 2852 9948 4819 6610 7359 7995 9223 7343 5109 3369 9669 246 1009
31 3555 5858 8198 9705 8772 9065 1346 9809 4105 5994 6179 4550 1396 122 8009 5274 9183 8842 1606 331 3506 7767 8732 8893 4570 2604 8311 4277 6872 6093 2770
19 1005 7129 5996 9815 6498 1557 6216 4593 4371 8694 1179 5323 1096 7490 8571 3837 1479 6994 7472
14 474 4414 1524 7737 32 6584 8876 64 1862 4274 5526 1568 4470 9377
28 3253 4693 493 1252 5291 8665 1985 8018 2565 2397 402 4358 4443 366 5986 6264 2532 8241 8045 2416 3771 651 8468 5544 329 6723 5485 8921
8 6807 3579 9556 9297 782 3047 5091 9569
21 7928 7198 697 1655 9464 1281 3759 649 5915 8801 1198 3295 2874 8904 5730 1296 537 8325 3599 1130 2951
27 1992 2538 6296 9640 9795 3051 8353 2640 7729 8820 6104 4651 9758 4608 3503 3526 356 603 3558 4419 9764 1312 8607 7281 6011 1418 4091
22 3855 3651 6410 3199 5783 4007 6089 4006 628 6732 3350 2631 9622 4837 8919 5846 8648 8515 5735 1939 7766 1139
16 6695 3236 8203 2783 4520 5597 6079 4000 5084 8056 6124 4728 5623 3012 4133 2410
33 1543 1605 6875 419 1628 9681 1902 6213 97 7924 8502 5527 582 8513 1885 7723 5349 7538 2772 8944 8769 5927 2562 4222 4402 5643 9390 2103 8879 8156 7356 4156 8069
17 8703 1323 4661 3632 3026 1106 7684 589 2069 5873 5828 9674 1641 8076 8195 4968 3586
6 713 9864 8088 5653 5857 5631
22 9305 658 6168 5090 6503 8236 3636 8030 6484 4449 9192 5247 1842 7904 9460 5288 9605 1036 7302 5671 4600 9910
22 769 5227 1674 4863 3615 1845 4063 5914 4074 774 9193 8336 6776 5524 6091 5346 4148 9713 605 1849 6795 2755
33 4855 8489 6741 7102 2577 8615 4344 5193 1947 2241 5041 8764 4219 5929 5715 8627 8933 3501 5741 8668 752 784 441 5024 5587 4504 781 6546 2185 1497 1809 8001 2300
28 6783 3147 8493 4111 5040 1464 2268 3201 1424 1291 4621 8258 9488 2555 9096 8322 5081 4118 7031 4923 2010 8255 9067 4324 5044 7039 4750 5592
29 5192 3197 6206 4225 8419 9018 572 2434 5082 7558 6850 6391 320 581 5217 5607 5448 344 8068 8234 9107 7872 7304 4817 4298 3671 2822 5446 1439
29 1315 817 4910 1904 1201 3502 2732 3098 2045 3896 4834 1532 6562 3534 6833 5529 8136 6366 5552 1308 7699 3521 7047 4438 1374 8934 9999 7460 8429
21 4618 3527 4575 7255 656 6601 5050 2160 6784 6081 3305 4211 5770 4456 6642 9358 9542 9867 5975 5334 6494
35 5300 7114 277 1240 2570 4035 9262 1256 244 2810 352 6103 4282 1104 890 3925 6963 1761 8903 6137 863 5292 5590 2733 8305 1156 7593 5423 9986 7268 1576 2457 2253 4883 3644
25 5086 1170 1697 7000 4297 7232 5422 1355 9645 2128 6865 2366 1907 5556 1042 2991 2263 3399 4748 7157 4640 63 1427 6514 6111
31 9619 1113 2198 5566 6425 5012 3057 7548 1453 4617 886 4871 4937 6548 2504 214 5484 1850 139 9275 958 2022 4026 2953 5775 9984 2182 3243 1764 6911 464
16 7013 9231 1629 6854 2360 8010 7815 33 5555 755 3733 3633 8087 4723 1336 7001
25 1138 8302 7546 6550 9341 708 5847 6416 4114 4498 2945 8650 8960 2148 1727 3161 6520 4814 4943 9568 6411 9290 4683 2926 1304
8 4071 6135 1363 3614 2486 6725 5900 3588
16 2316 8557 368 4773 2024 8141 3805 1933 4612 6673 2637 488 108 6158 8908 8618
12 3307 9649 5983 9798 8132 7950 3106 8417 6637 7577 8594 4716
33 6815 4984 530 2399 3795 6340 9617 5838 560 4195 6460 342 6120 6696 8705 6861 4457 2062 2431 3389 9148 5414 2650 140 1398 7980 265 6057 2252 4896 9369 7450 1722
14 9888 9046 2711 1527 4088 7464 7291 7591 393 3662 2575 7283 7600 7182
20 4008 6654 661 8410 2235 2077 7209 9972 4636 8244 8481 9939 72 8873 7385 7651 5355 6632 6400 7760
31 6916 1414 5517 6338 2896 4139 8742 9159 8560 2924 883 5062 5133 9023 8289 2104 3973 2995 727 5925 3412 2902 8441 1249 3920 8541 2421 1488 3984 6919 5723
36 9976 3294 9666 1200 3921 2250 7663 380 175 7805 3843 4117 1429 8746 2498 5031 3316 8748 3894 6862 1921 5258 6542 6697 3810 345 9308 3183 4755 8677 9007 1540 5637 8083 406 8350
18 9913 5954 4704 704 3669 4147 6800 6140 3210 1047 9661 6733 283 9386 8930 4960 9959 9530
28 9847 8290 8784 7312 506 6969 8273 6597 379 6808 2959 9479 742 8813 2354 2752 4982 1811 4102 8270 3464 1575 7603 3627 1865 598 6603 5571
33 8708 7435 6786 428 5719 6538 2776 1537 1942 3946 163 6680 5364 3661 3939 7551 3700 9017 7294 2029 2427 5275 44 804 2823 2307 1133 3460 3184 5644 316 7146 8022
18 5860 8029 5890 5699 3840 2952 4171 1613 1168 4433 355 2042 776 1468 8593 1671 359 8596
27 4601 2589 4164 2605 4020 4481 9546 9394 9284 4249 3432 8511 1772 6325 6226 2237 9501 9808 49 642 2301 5204 1400 8327 5077 8980 1808
24 3549 6404 4112 199 9524 607 3940 1211 1299 7894 6775 5340 2861 2345 1814 5401 5257 4991 1216 2298 5676 8337 1306 5586
9 6381 9347 4196 3739 7882 9062 6962 6190 3559
21 2571 8149 6155 7243 1723 761 6009 3729 3926 4926 2775 3653 4946 5269 6153 1961 1966 6918 9753 1887 6490
18 5497 7186 1778 3292 7106 5880 4517 9667 1990 1035 28 6224 1238 3681 9956 3415 3525 5296
20 9752 3276 9274 2904 417 5234 233 7610 5373 4032 5950 2255 8999 2594 1301 5159 9716 7527 3880 3543
24 9679 1407 3976 3512 9042 422 8806 2790 9837 3146 9592 6203 6769 8153 420 414 5333 5412 3516 9184 6988 5895 144 9227
10 1097 6485 1489 6879 3635 2447 5122 3711 6230 4325
31 3629 9935 457 2382 4652 85 159 2377 3657 2875 2121 4884 8807 2596 7189 1989 4212 7652 7480 4849 1704 1673 8526 1225 7022 2194 2157 9714 778 3069 8331
13 2920 7711 5049 318 313 7282 9539 1101 7014 4406 3846 3216 1555
29 9409 9166 2523 4920 7683 5539 5036 1181 9070 459 252 3450 8901 6059 9103 1383 7939 9218 7288 8680 9663 7023 6791 5834 7801 6534 7524 2408 8113
31 6277 4873 2293 1313 830 6966 3124 2706 6657 4866 5878 8366 5664 9225 6552 6859 333 7945 3018 8528 9235 2267 8626 2188 7850 5960 2847 8636 5896 8210 5108
10 672 7810 8967 932 5316 9601 4987 6997 7824 3032
3 8292 5991 7678
4 8773 7940 692 4471
16 8890 8345 50 5966 9181 4847 2832 5618 5912 3240 9746 522 2815 4275 1931 9374
31 1178 1977 5170 5100 4397 5074 1389 6683 484 9709 3496 547 8844 3074 695 3736 2454 888 705 1812 8174 6358 221 7202 7996 1254 4018 391 840 5817 901
22 7070 1637 7224 3105 3191 2060 3435 5695 3451 4497 5792 9741 6253 1981 7341 4777 3999 5909 2155 4590 7439 9803
24 6822 1512 3368 7085 1684 4585 9537 8118 2665 374 3203 7048 1330 2054 7167 3992 9919 2808 4440 7735 9079 1690 8392 923
8 7965 3655 7927 9349 174 2583 4530 8430
17 3817 3333 4084 8464 2651 2900 5124 9346 17 9615 145 5429 9145 4079 8278 1377 6185
13 3580 3148 7355 1539 3101 5692 6504 3841 213 1717 4762 6499 8330
12 1560 8262 5480 8598 4670 7349 8790 3529 4931 6019 8770 2848
30 8175 9820 7428 1223 9769 1272 7492 3232 9836 7569 7931 3862 8871 4266 3474 6165 434 6146 3061 5754 9245 4095 8712 8834 2094 7218 6881 5673 9608 3723
28 6663 2603 7677 1640 5668 3370 645 4099 2505 3465 2648 4689 7806 2535 9917 9278 4075 9049 1940 9266 7112 4424 653 7215 6507 5720 1288 7714
25 1066 2324 2335 7086 7690 2140 657 115 8062 6932 3811 5163 1282 4591 3277 4168 5512 5203 8805 7771 8139 9648 6917 737 9430
22 6031 7097 559 7068 3469 9299 5559 7077 4459 6540 5498 2405 9715 9618 9854 9373 1076 4684 2259 9210 3298 1003
19 423 1883 8715 9045 4733 8768 633 7134 3429 5608 4426 7488 7237 8169 357 6167 1302 2936 6686
26 5324 6189 4200 212 5303 2180 2171 8038 6898 4768 3282 223 8935 9762 2226 2860 7056 9922 9931 4161 1585 1173 535 8939 6931 7979
21 5970 8783 499 9754 5908 5191 5728 2859 363 6947 5747 6568 3876 1366 2746 7597 7374 2905 4697 8008 6060
19 519 7293 5698 6245 4245 3477 8785 9151 6907 6864 2383 6375 4718 7298 6583 1087 2130 5538 1150
32 7957 9406 5189 3073 4410 7685 7246 8951 3205 3904 5567 8159 5824 9157 936 8616 6629 8881 4335 3004 4678 5328 7774 2692 404 2980 2807 6207 3224 7742 5942 7700
28 88 5971 8447 4207 8085 9527 1349 8190 8485 5009 4623 9054 1461 518 6578 964 3353 855 198 4386 785 3835 460 3151 6991 2502 3965 4929
25 4679 3119 3970 9234 74 4714 1531 2901 9319 9421 515 8304 8872 8936 8845 6760 6640 1049 2763 1161 12 4531 8267 4779 5646
18 5934 1492 5089 718 7934 6537 1509 3770 382 5941 9474 9593 6262 3748 1373 1941 2099 7641
19 2519 8965 9392 1854 2911 226 1125 7371 7199 7473 1675 1026 8145 7983 2219 3427 3059 1699 8019
28 6656 9306 5285 2036 8831 908 8160 65 7793 151 1911 8993 2398 801 4804 8763 3336 9431 678 7072 3001 8206 3423 6183 4390 2289 5408 976
11 4536 8979 1218 6058 3542 992 9276 8303 5272 6889 181
31 8787 8277 5757 2056 1913 5241 930 3609 8510 7234 275 3556 543 4634 8268 4916 4407 7101 9250 8471 2918 5418 5561 8623 7845 4261 5342 3405 4918 4799 6721
25 6912 5008 2989 4690 1980 7178 6799 6880 1277 9727 1310 1375 7893 2708 1616 6852 3034 7452 73 4162 207 3153 7586 1892 2441
24 4475 874 69 3885 8042 5799 9273 7555 9639 9229 613 2913 7273 4974 721 4650 6812 9525 7053 8124 143 5551 5318 4286
32 1332 2520 4502 5182 7434 6048 7856 8737 3434 1004 3476 3547 4582 6939 1820 3913 5320 3481 6660 829 9468 1807 6427 548 4189 7024 8647 8046 1614 1052 1758 4725
28 7709 3891 4673 7323 9164 1835 871 7275 5910 7266 8952 67 3234 5000 1011 7615 9855 7852 8818 6468 4797 148 1473 7029 1658 9545 623 9916
26 5027 9851 8351 3605 7442 6119 6133 8860 8164 485 6757 934 3621 7383 1533 3355 2617 5015 9094 4458 8061 5924 270 431 9717 5147
16 7849 2784 6765 9925 9708 7265 9293 1648 7054 8497 4563 7 2843 430 4790 6010
6 1794 2915 9927 4476 2224 3528
15 8189 6455 4875 4405 7364 7411 1169 514 715 7498 5176 4747 4682 2175 6517
26 8086 3024 4980 4050 8093 2000 5724 2602 6331 2048 9038 4014 1048 4843 8140 6036 2308 9509 4023 8389 1442 4339 8959 9311 3857 6342
25 3410 4352 8998 9992 3211 9240 7865 4821 9810 4647 1964 7917 703 7313 5805 6617 5641 8196 6217 7938 5591 9749 4451 5368 4580
16 2531 1852 9890 9951 3936 5463 9217 1574 4542 8685 7175 5937 4795 3440 910 1210
10 6044 1625 8434 3938 3420 8955 5690 2652 3930 5903
16 6767 1689 326 9634 8575 6638 7912 5701 2667 2525 1193 808 2621 1844 3749 9834
7 8587 3202 7813 7719 4951 6417 7565
26 554 3384 4761 3114 9171 8188 5576 993 9027 2035 4664 9074 8109 2829 536 7823 5801 8755 600 5530 5832 2851 4303 9451 8319 2897
26 2507 3329 5282 3058 1175 4372 5766 8094 9655 969 7764 7830 1199 7132 5472 8126 8817 6758 1654 3023 2083 9826 5048 2689 4823 437
24 5343 9412 9830 2934 4940 3169 5382 7334 249 9571 1668 361 3214 2873 3545 3217 5736 3889 5918 7310 5811 4735 2158 3812
23 6900 7346 5250 7065 928 433 9506 6483 7549 6215 7605 6372 5980 5206 9755 5894 1607 5926 3349 2540 7335 9614 6419
23 1724 5746 4836 881 8542 8953 8193 1255 3278 5083 9029 2522 8081 2028 5053 6894 8608 7826 3787 8508 1645 8178 6405
5 2313 8323 8157 2573 5891
25 6607 3176 9487 1963 2409 6244 4872 8505 9167 6684 5005 153 3763 5171 7280 2485 2750 2503 4288 8943 7290 9014 3422 3679 4158
11 3321 5384 6532 5118 1554 4367 9339 1938 2592 9061 1562
13 3647 1325 6431 6949 9807 860 1788 9119 5431 729 4305 6518 2597
9 2944 6669 7554 9511 146 9981 8938 6544 1452
29 6361 1734 4154 172 8995 9737 81 777 7920 4711 2153 6785 1466 1314 7107 9091 7160 7781 858 1818 1795 1361 8859 4672 4620 8363 8222 4393 7899
11 5222 5500 9286 8348 7916 9263 9133 7971 9272 1061 3207
31 3008 892 6327 8681 4659 292 7811 2115 1504 2023 5329 1264 9783 5042 1714 4388 7321 8621 8060 7786 3342 4082 5321 2344 5842 2836 9024 8280 5682 4013 1948
15 2176 3774 9531 236 1754 7989 2145 5839 8043 4446 758 6458 5944 9172 1558
20 219 9544 4717 7149 242 6604 3511 3391 8473 8975 6792 9439 6194 8781 2361 8501 593 9396 3255 3417
12 4644 7534 9822 2547 8111 7519 4199 8724 8202 1579 3929 4490
30 9187 5744 3821 5816 2352 2178 1239 546 7103 9623 5451 3673 779 9724 5569 2729 171 1597 2960 6543 1457 7895 8828 5276 4676 2347 9147 7476 1118 6467
8 9291 7846 9874 1550 6356 5228 6896 1880
21 9626 7104 730 2031 9419 66 7278 7746 7169 6163 979 1561 2933 3139 7718 6292 7556 4597 9588 3725 9360
29 2774 8792 5626 9712 4639 6374 7679 2977 8692 9444 1598 7708 7672 6382 1775 5989 3716 3385 1691 5142 3171 3002 3983 7617 2200 2929 2449 5415 3021
11 2278 1192 5475 2317 1740 3048 6934 2879 2002 706 1015
25 2429 6752 3991 9804 5674 3290 9561 6297 5301 7305 680 4824 5729 7418 963 8584 2283 1092 2890 3337 1663 9775 9198 8490 8874
29 7318 4223 9543 4404 6076 1721 3859 8026 9790 3592 3351 8129 125 4025 2646 6691 4234 1769 8931 6701 4598 3287 5461 3080 4364 5666 1242 971 8535
21 7229 328 2780 3193 9843 8218 7125 9122 4765 7908 2027 6388 8423 6954 9898 911 662 9129 5790 3797 8377
14 5902 7575 1670 4632 7582 4216 764 7571 6065 4691 322 8519 20 9304
24 1563 6066 6902 3499 130 6848 2722 740 4279 4549 6459 9748 8317 6999 4961 2342 619 410 4116 2490 6731 6258 9829 7833
19 9411 1090 8040 950 6703 8854 6336 6698 1110 7715 4031 509 4224 1875 9722 7918 1116 2414 5071
17 3239 4511 9744 6523 1587 9381 3155 1700 5534 5907 255 575 8906 103 1342 6636 3088
19 1993 9246 3603 8766 4957 3493 7191 2797 8585 1787 8788 4700 8216 702 2363 3665 9703 9176 2610
10 8578 2480 3754 7573 3765 5134 4046 7353 6234 8824
13 3692 4648 1276 8637 1792 8071 2767 3718 7834 8865 6573 8002 2724
31 6424 2426 565 9735 4403 4119 7503 7187 6223 2370 6423 37 3948 2837 6444 5921 3416 5117 4280 6109 7124 1483 4313 2705 5096 6291 6489 1983 3987 5362 5758
23 8675 2748 7975 7867 2686 1245 1553 9928 5405 8659 8926 501 2438 683 2437 7507 6522 6678 1119 7258 4425 2616 7522
13 8184 9763 4492 8066 5354 7606 8166 9115 3871 7489 5460 7731 4127
15 9207 6457 2681 839 5511 8368 9138 2288 101 5936 2940 6212 392 1084 8723
24 7877 2512 4867 4826 6454 5187 4595 2954 6197 10 2710 4135 4745 1763 3996 925 7486 4721 8483 3533 2096 5198 7214 9573
25 8179 400 435 4028 4544 348 5557 7176 1831 714 1791 2129 8360 2256 8689 4251 5898 9760 7105 6621 3388 6595 5390 6613 749
21 6456 8104 9944 448 9179 7732 1738 5603 1016 5317 7635 9403 4373 6525 8050 9343 7469 2820 3641 3890 7937
7 5161 9974 1208 1416 1420 4100 3491
30 580 9685 9559 2425 7662 39 8413 2065 7866 6824 8745 2611 9092 8067 4106 9204 8852 5078 647 3517 1974 9088 1153 8707 107 7667 3941 4729 1573 1300
30 3564 1593 1995 6413 6739 2937 5866 3315 4244 2206 9896 9085 90 5140 6560 9295 9957 5266 2392 9893 562 3109 3844 5745 3128 5923 3107 1226 3664 9309
28 8728 5818 6192 439 5477 2041 100 9429 907 4477 9228 2760 1448 4263 3625 243 8954 6847 8443 7855 3497 1440 4972 1356 4054 2976 9178 805
10 3457 5359 2690 6352 5107 7682 9186 1289 5987 3638
15 9581 8699 364 7153 6174 8356 1021 1234 8461 9521 8838 2816 4363 7161 7058
18 1269 6004 9696 2167 6985 9033 91 8970 967 7493 2557 6463 2131 7625 7772 5854 899 6350
16 6321 7194 5568 7822 9056 7974 4427 3577 9591 480 3020 9189 9499 5057 669 4432
22 8559 6740 5562 2769 2636 3145 9848 917 53 3419 6506 6278 9861 571 4180 7702 4901 2243 5449 9776 9887 8301
26 3025 902 4507 3842 5503 3721 3345 6082 1943 193 7474 1679 5708 2938 947 517 9239 3813 2584 7192 609 6037 2487 8663 1751 3737
18 8204 5112 9011 6856 2470 127 9458 1521 847 8687 2319 3186 5097 8576 8476 9664 9076 7621
28 583 7704 6951 3602 3594 6101 5366 2556 5879 2057 3722 8911 9462 6033 8863 1918 8704 4574 8964 6933 1144 1379 7151 7985 70 5545 6073 7681
21 7640 627 4630 1233 7380 225 1745 9962 7301 9496 5076 9980 3505 9141 6157 2844 1027 2376 8091 1055 7441
3 8342 2736 7376
26 5406 2357 8462 2717 2110 9303 7763 6953 3137 2700 8669 2215 9583 3452 2676 6945 8716 5820 9243 2725 1952 8372 2608 3480 1510 4120
37 4495 9137 8224 4202 4587 6705 9710 7636 120 2270 7629 9324 1934 5314 9110 5313 4276 1171 3361 8887 4674 2222 5153 953 2459 8651 625 6136 2704 1619 8349 4310 9811 6273 8463 3172 7166
20 268 5572 3381 7962 3707 6219 4210 9312 1007 868 5588 4434 9448 8561 7391 8592 3347 9354 3274 3386
27 3471 8376 5748 6186 7579 6967 3439 8028 9160 4701 6891 806 4464 9327 8381 2494 8362 2757 7858 5570 8570 6594 7297 5361 9635 455 7093
19 7141 3758 8835 2112 5069 7239 9624 8603 5462 4654 4125 5786 2841 9490 6970 8961 3628 4754 978
11 5598 9996 4815 9483 7854 4181 1599 635 7395 1951 4005
27 8406 2714 7648 5686 6141 8112 4986 772 7941 2406 9882 1393 3561 8186 4685 6038 5548 6600 3864 7089 3084 7358 4242 7968 9977 8870 4124
21 2020 6658 3362 5417 7750 4033 5911 4712 8294 6229 8839 747 8365 5178 8625 8 8152 3698 6445 6853 9771
20 3693 8566 5920 3906 7759 767 872 8235 160 1517 4978 3728 124 2625 6294 759 3535 1293 2853 3617
26 6724 6735 6360 6749 3220 9202 4605 8101 9232 4939 2534 5172 3141 1471 238 201 7598 4360 3296 5492 5772 6781 45 4122 3111 8147
31 957 3951 4109 6718 8856 9182 6480 2543 230 4907 8450 2804 7627 4746 3455 4322 2413 6227 7932 3548 4740 7670 3011 7540 3254 4886 5661 8424 8941 9131 8480
17 3103 5948 3910 615 856 4450 5550 8266 365 538 5391 9384 8127 836 4004 5199 835
17 1978 3196 8786 8823 4376 982 1324 1023 2533 9398 2795 1659 5407 7300 7059 8726 9013
16 2986 6884 4080 9557 6825 6274 9975 4767 9659 5353 880 1075 9194 3379 9244 7773
31 157 4428 9282 3816 2967 4806 4645 5913 7466 6279 7407 8928 3799 2607 8064 3323 7734 9400 3820 5490 2499 1333 452 4252 9668 9371 9650 1205 1962 5280 9577
33 7119 2791 7248 98 4101 6647 1480 8645 716 544 9300 7724 5473 8007 9706 7462 8539 184 534 7179 7800 735 2101 1703 5505 1467 4097 3914 7184 7888 2839 4049 7223
24 3149 9920 5516 9512 2551 1152 8324 6946 508 137 9784 6116 173 7743 4165 3777 1253 6214 1462 7052 2389 8538 7235 4241
25 1888 9852 1564 7226 5650 2771 8804 7118 1768 3624 7267 6622 1988 5558 5778 3682 8017 1821 4998 6500 783 9296 2492 8230 1038
27 4948 6159 4349 8653 8546 3905 3308 5804 8917 8284 8335 2257 3551 8358 407 3695 9587 7530 7079 131 6007 1403 4741 8454 1202 2321 5055
29 4842 8055 2657 802 6903 4205 2979 2884 659 4879 949 1271 5995 4840 9302 5385 5851 6145 6906 4030 4614 7126 4771 8295 6941 5248 998 3458 3125
10 9216 8459 9385 8079 6034 7162 7344 8667 9789 1855
23 29 9052 3068 854 8445 5660 369 4113 8494 7987 3610 6138 1045 6772 1720 2325 4369 3449 4092 1894 9356 2826 1956
30 55 3990 1177 7337 7840 1369 4888 2108 254 2972 9208 4628 6447 1387 5259 4805 6308 4188 6205 3902 924 4155 4370 1446 4110 3485 2545 3600 5788 2669
29 6541 4537 9078 4107 6173 8116 6013 5116 8237 8963 133 5658 9361 1806 8197 1753 3916 5796 5468 478 9201 4692 6796 2779 5776 411 432 1701 1343
18 1833 7230 1959 7787 7208 552 7041 444 5764 2766 3509 8721 7004 1513 4660 1743 7142 8402
11 6228 6110 7379 8973 4441 1338 7613 4337 4332 231 7789
23 8950 2899 5554 6029 4629 2984 9478 9838 6367 1541 6915 9480 7352 5326 4845 6623 5755 5648 4609 6095 8929 3887 1378
20 7399 4706 2401 989 7668 9100 6893 5622 1644 523 4206 8103 6515 8572 5784 5454 8371 5652 5179 4592
28 4379 7471 206 9105 1491 9738 6222 5452 4776 408 9366 9821 2137 2560 2197 6938 3344 2001 7963 6551 1798 4509 1187 6330 6631 2073 4057 6665
5 311 3539 6644 4338 2813
17 3988 1630 4255 4666 9118 4123 9177 4347 2011 9694 3285 9143 2400 1946 1682 5763 9515
27 4637 109 3989 3083 3966 2997 141 4415 8895 6462 4543 9142 6171 26 8181 2334 765 8756 4284 7295 8165 7307 2287 1290 7183 390 2117
17 2356 1773 7638 9485 9743 1529 9732 4571 4201 8399 6355 2127 4108 5978 948 2134 3346
29 2869 7329 3541 2537 2245 6446 4318 4786 1422 5123 6838 5709 1656 6920 8099 5958 3832 1945 8048 3376 3670 6624 6766 4516 2974 4134 6943 6365 5953
9 9084 7210 482 4558 476 8397 1191 2138 8957
19 3654 5284 6539 7886 5420 4176 4513 8354 7491 7526 2249 5432 6396 3998 3780 8488 2032 2276 7795
26 7952 3208 3947 6475 7174 9068 7643 1459 7659 2501 732 9470 1435 5102 8565 8172 3094 3456 5121 1868 6281 2554 763 7017 9909 9918
18 961 5213 7779 6319 1322 2644 3091 7378 2328 6142 6256 6049 6690 1662 2593 1823 2586 794
29 2695 9452 2495 8219 3583 9209 2385 1846 5899 8014 3425 9328 2402 3877 594 7250 9969 2282 5164 564 495 1594 8802 8602 8053 7289 5499 3279 1569
27 7956 5743 5295 4869 1647 5433 3784 9731 3981 5619 8446 6674 2037 7790 3508 7930 9597 4827 9791 1056 4081 8611 504 7390 204 3110 4281
26 9799 789 9030 9613 415 578 5221 2948 8312 4832 5072 9902 1926 748 8922 4500 2517 2968 3576 7412 4077 8451 5047 3612 5225 8543
25 920 1803 2184 5725 6839 5073 7650 5625 3660 4831 7408 1107 7181 6599 450 3019 1408 6334 5311 3520 4350 8690 8884 1082 7011
28 4894 7891 7373 7686 7386 4966 9195 9357 636 938 4851 3574 5810 2561 6225 9899 2811 5037 8467 3175 1385 5536 5874 4185 2286 7008 5063 9792
18 5693 3608 9072 4578 2433 6590 8495 7529 9730 9125 8658 1858 5506 756 6958 7590 8527 8414
14 1135 3767 264 179 5791 3995 7717 5613 3931 1258 4522 7776 707 1642
32 222 7993 9316 284 164 3082 7816 3646 1476 4293 281 7754 52 1328 9498 6722 771 4430 3154 3000 6429 5286 3237 9352 7225 5175 9599 5949 2908 926 9915 8847
15 9550 3325 6971 5844 6426 8843 9785 5372 7570 5233 2478 7653 5416 5979 6063
20 1105 1111 3993 6380 3839 8257 8288 5302 2373 5094 5689 3856 4903 7853 1321 6668 6646 334 6555 3367
19 5868 5358 3396 2497 4938 7847 7777 8719 8753 5200 8041 7835 2038 3957 4240 2019 6271 4813 2509
17 8329 3575 6804 7236 4705 7211 660 4709 2290 3230 446 7803 2196 7496 3335 2922 6242
31 375 1013 3317 8521 2856 2635 1222 3732 3958 8597 5579 1595 8644 6268 9644 7630 2670 4567 7871 7012 2085 2785 3582 3595 2091 5392 1285 1586 3158 4865 9317
31 3869 3257 3510 5621 9538 8037 2320 9952 5310 5933 7898 2125 9718 2190 7797 2093 6790 2047 9279 7084 4178 7752 5410 5787 2170 296 8232 8923 3656 2659 1646
6 8640 3826 2642 6021 1430 2591
19 4435 7512 1955 956 6842 1863 4615 5043 709 1937 8500 7422 4019 1810 7967 7998 1914 1395 1626
18 8670 6793 6995 6564 4142 5935 2372 1507 6401 2683 9446 6461 4909 5046 7348 3033 59 2208
33 9675 5491 9012 3875 5602 2999 5287 5045 9516 30 2958 1639 5268 2086 887 3808 8281 2461 2493 3642 3587 9016 6878 8577 9756 8849 9467 1164 1195 3218 3804 9196 3289
19 9325 4583 6756 4482 895 1319 25 1730 6837 5877 4484 4412 4554 3518 5876 3950 5798 6364 9673
24 3371 9473 1121 1830 1729 9135 8555 9570 3746 377 3986 1283 1073 83 7753 6184 6759 8907 2812 8452 5434 7481 7673 2411
19 1515 8425 4184 1986 8989 3663 2482 6871 4326 9075 8827 9089 6134 9221 8033 7990 8162 8057 8122
9 6901 3640 442 1399 5813 8683 6084 5977 3643
10 2384 1411 6801 9471 7170 7705 2615 2007 6453 2658
17 7913 3475 2181 1146 884 2202 8734 3922 182 9365 2638 5657 5022 7537 5312 616 1212
18 6831 5808 2957 1260 2825 6643 8652 5861 7770 7680 4128 4314 7620 3980 6778 2965 1498 8730
7 700 7948 712 6464 1347 6152 2508
20 3442 2942 9627 3544 4613 1465 5751 853 7315 3247 4638 3851 2234 3225 6687 4769 9507 1147 8898 2271
34 2135 6150 9869 6818 7152 9158 7697 9950 7370 7727 7689 8105 7587 4009 3266 2595 2719 3446 1965 2274 7820 1450 2295 6126 2666 8340 6614 2133 336 8321 9517 1207 3994 2210
19 6412 4208 6208 4029 617 9475 9035 7010 7907 5070 4301 1085 2643 5148 7303 6569 7123 1128 5173
16 4377 7864 3601 533 3398 8403 2044 3524 2969 4594 7614 4317 4052 6955 298 3631
22 9563 6199 209 9251 6397 6432 2097 4619 2371 6339 6508 6318 9269 5575 58 3715 82 587 307 8163 5760 4243
18 3444 3249 9503 780 9314 7692 1886 6422 7216 7150 2264 4559 129 149 2739 451 8771 9693
13 3696 9109 5835 1891 5155 9230 7560 9780 1827 3178 9924 5612 2445
14 3167 1406 9602 9628 6634 8795 529 7019 3261 7515 3895 3584 280 9287
18 7463 5218 2230 7580 6474 7994 7096 7633 4491 2043 7078 1897 4096 6488 4394 4190 859 2939
34 7401 9402 481 6128 5054 92 4555 2404 7456 9440 9248 5684 6921 7414 8148 5023 7351 5640 5421 7326 2871 3374 2678 7204 3235 6390 4680 5753 9387 5474 7133 9281 325 5504
29 5299 3005 4935 6473 2442 9832 2613 1511 9132 1455 7984 7415 2191 6830 4971 4963 2500 4945 4956 652 9059 7238 8861 3180 1350 4962 2238 8123 465
16 549 6329 2511 1518 507 5830 553 2809 8182 4675 6451 7599 1622 4936 7910 5067
