7 466 8098 6372 9657 8203 3148 647
7 3115 614 121 5549 3403 9015 9837
2 4032 8618
4 9114 717 8768 5208
4 3980 9860 4707 9154
4 2574 9439 2499 4901
1 9307
5 6548 5548 4097 2936 4331
8 8580 9342 4407 5660 2985 6377 2493 3517
5 8825 3872 6732 5988 3642
8 4219 7957 7189 5918 1881 1655 2668 7820
6 1285 2642 7314 6943 2105 7796
2 5173 5255
5 1215 3981 8878 2456 8799
5 516 8132 1345 3422 2007
6 4529 2909 9277 2957 2067 7756
2 9536 9741
8 5206 7083 3077 5190 9094 3529 1773 7652
5 5177 2327 3976 8830 9192
3 1303 3080 2809
5 3348 5170 4461 9580 2107
9 4446 1029 2133 9779 4267 9100 341 5481 6202
5 6635 7119 5042 2349 6422
4 7945 2901 7194 6179
4 4029 7608 5562 2504
3 9766 7666 7341
5 477 9072 6157 7178 3634
7 567 1684 5893 1714 4380 8619 9343
6 9025 2444 5050 439 1653 3399
2 224 2661
9 5956 1356 728 9048 3311 8164 7854 3970 362
6 4670 5231 5897 9882 2213 419
7 7675 1328 730 2594 9410 2215 2980
4 7948 759 8105 7234
6 316 7729 3826 8416 5361 1993
6 186 8202 1015 3857 6843 2423
3 5025 5559 4916
6 6677 5811 781 1968 2464 1508
5 5379 5582 8672 8351 4184
6 3353 5633 47 8893 3931 2678
4 2363 4962 2956 2528
4 6875 4731 212 578
3 5468 6583 1177
2 6053 7722
7 7560 5364 8802 3135 8092 8307 5789
8 4737 6802 1351 9509 6366 8117 8782 5561
6 1566 6616 4429 3788 8879 9358
5 6469 9069 2620 9645 4087
3 9874 547 7260
4 5034 6633 7399 6405
3 5327 9570 6091
8 5924 8792 2781 9607 6647 5836 7066 5551
3 347 6865 8387
5 9696 160 312 5459 4789
5 853 4705 3381 6271 1911
6 9545 5515 7553 5365 6017 7417
4 4064 2467 6012 2497
3 2893 7856 8311
5 3358 5882 4811 869 7917
8 1073 8353 5432 5928 9444 6969 6974 6511
3 5629 7601 7502
7 7780 7746 9124 1181 2938 265 1154
2 2634 7153
3 4067 8180 9982
3 6932 2902 4644
3 4054 9086 2611
6 7975 8643 18 2712 7174 1298
5 3576 2246 2779 9152 6441
10 4718 5301 2941 7301 6360 4532 6203 1235 6680 124
4 8755 3441 3289 2681
2 8339 2783
5 3496 9912 1678 3734 9478
8 288 3445 983 6496 6008 5960 3071 5273
3 5199 2411 2480
3 668 4366 6787
1 819
7 450 5671 8185 9900 9555 1533 6121
1 7690
6 2974 5736 9650 3334 3555 4188
4 3639 6120 4037 4502
9 2931 433 5920 712 7857 5275 6435 7246 3232
4 9029 6696 453 7936
6 6233 9074 4998 8548 4353 9941
3 373 693 7907
3 8809 8195 1648
8 1630 7336 1450 6181 5527 8110 7789 9600
6 3193 2667 3998 1184 5044 4708
9 8995 2997 1987 3017 3457 3959 1464 282 9212
9 3090 1996 5856 7506 5676 346 4872 6173 5410
5 4774 2523 8631 8945 496
4 6448 6122 1615 4329
6 1628 5319 5970 6673 8225 3021
3 5294 6806 2894
1 7774
1 7368
5 3179 540 2461 5284 711
7 2190 1703 6293 6650 6561 4712 1868
3 4600 3008 6164
4 7309 861 9968 1289
7 9055 9726 6467 7319 9579 2969 9799
3 3668 1212 2291
5 7877 2665 8160 2810 9643
4 6263 9763 7747 8314
6 8342 8682 5678 6626 7315 6065
3 7003 7908 6627
9 5705 3587 9395 4075 9335 4176 196 6537 3375
2 7776 7911
4 5477 5221 6495 6730
7 6509 495 7143 6529 8501 6942 1665
5 4780 8030 2503 5667 4977
2 4613 511
5 8976 9017 4619 8037 7899
4 1939 166 2776 5666
8 6727 4533 4139 1765 6240 4965 4556 2103
3 6492 218 849
4 5028 4822 6142 3570
7 6190 2012 877 269 37 1361 5738
4 2742 892 1629 8392
7 7190 2364 8236 7294 2807 2895 2217
7 7694 5051 6852 5795 3655 7435 7207
8 2135 9095 8752 2576 9483 427 2478 1766
4 9177 8531 3901 1921
8 8982 7562 1930 9686 5787 5513 8640 9932
6 8489 455 5845 7841 4111 969
4 1126 3962 5774 5065
5 6215 1409 9422 3404 5823
2 2953 3386
6 8620 6960 8374 6264 6587 5486
9 5913 1144 137 7287 1798 638 6901 990 202
3 2276 9432 7414
4 6568 6887 1551 7527
2 5507 3876
5 361 1391 5698 7947 7272
8 5875 8852 2978 8750 1991 1027 6546 9452
5 4088 2172 7965 561 3952
10 7662 5826 4356 1693 6660 2501 8305 617 9748 8395
2 7934 9255
4 1178 543 1690 1363
2 5536 3436
4 3906 2848 277 9204
5 2826 3915 2816 3349 4275
6 8734 1686 8275 3218 2431 6135
5 2379 8138 1569 5591 2254
3 5061 6480 4361
5 5171 9610 8929 195 6413
9 8067 5493 1834 556 1136 7978 9786 8360 5681
4 2035 2575 4274 9914
5 7001 1077 898 8265 845
4 6699 4903 5239 2623
7 1562 4873 7034 978 3645 8114 1627
6 4320 7152 2514 574 5635 8009
4 199 9713 3355 3531
4 2868 9003 8683 1185
7 7920 8451 1820 937 7705 6390 7010
4 4359 1559 6656 5193
2 9480 6596
7 1322 9339 7126 5032 9188 825 8629
3 9347 5054 7540
5 3284 1632 7970 2850 3504
5 2437 8979 3712 6823 6491
6 4066 1038 3362 6253 8470 624
4 4416 4714 7772 7326
4 3963 6038 1071 3057
8 4788 2066 5830 6958 2999 7697 7593 3048
6 4194 7663 3070 6289 3219 3143
5 6525 5452 8916 3829 5921
6 1787 635 8244 480 788 7021
5 4899 8648 9782 8443 8771
3 5696 1106 2791
5 5728 5715 2942 1503 6090
10 4076 9287 3163 7998 9633 8228 4235 6737 7470 6479
1 5453
7 5816 5205 4404 6825 4346 1255 6014
5 3971 2543 9663 3230 1637
5 5788 3601 5950 3038 582
1 7364
5 6186 1940 6506 3157 7264
3 8978 6955 6216
6 7393 3930 9697 1738 1739 9544
5 2401 3138 4256 7806 7775
6 5910 8723 7477 6810 5473 5107
5 9026 4339 8216 3554 2338
3 4940 4881 5987
3 6830 7805 6784
5 4980 4405 4866 9431 3818
3 3073 852 2494
4 8150 5621 4771 9556
4 2198 796 4871 9354
4 5089 4646 5864 5638
11 9543 3060 5784 5802 7710 4411 6761 4995 9759 2530 7348
6 9813 2115 6619 5285 3188 4775
7 1988 5874 3706 3366 8959 2587 7049
4 3081 2094 1287 5690
4 4845 2684 370 4678
2 5280 4300
4 3690 5178 9438 6755
8 1519 5152 2222 6080 1975 2709 3769 4171
7 8143 6577 4954 1323 3540 641 7215
7 6951 3287 5464 3438 7997 4014 6088
6 9715 9705 4702 6532 2267 3595
7 5827 4121 5039 5337 5779 2907 8816
3 7804 7533 2249
5 7956 451 1705 3159 1793
2 7850 6148
2 7966 1778
2 6304 9958
10 5298 8460 8665 506 4979 4608 8061 7542 2879 4978
8 9236 4485 1500 4984 3468 5398 5618 2406
2 2245 9510
1 98
3 1357 9962 6625
5 4776 9649 2117 5844 8696
3 3508 5586 5033
6 1809 2654 9016 4820 9423 8636
4 772 5489 953 4594
3 851 1528 3107
4 3237 8744 1369 411
4 9233 1789 3168 4576
4 8273 5196 9001 8096
5 5760 2235 1682 9724 8753
3 6598 1791 6952
5 3032 129 9904 6542 2451
7 6428 5305 3207 2670 3024 5007 5392
4 9184 4134 8070 9138
6 8983 584 1567 1211 4680 3082
6 8101 5776 3994 7166 6133 2994
6 7109 4706 1997 3918 8964 5991
5 6280 8775 7164 9847 4131
5 5304 2982 2896 6371 7641
3 6002 2516 9558
3 1743 5538 8805
9 9658 384 6569 3687 7938 1270 8715 2582 503
5 8680 1146 7839 2786 7577
5 921 9374 8516 1266 2149
6 39 2002 77 5729 3796 4539
5 6771 8928 3345 6513 9784
4 105 4526 1428 1651
1 6055
10 9488 3937 4867 4092 9261 5202 505 3041 2016 7456
5 6224 8175 566 9383 9770
5 813 6733 8719 7452 3227
4 281 5762 371 4625
4 7163 6848 4905 2659
4 6595 5739 4324 2388
10 1366 3985 4337 5543 2041 1327 4548 3472 1851 2719
4 6284 2341 9298 4347
7 167 6919 9566 6722 6898 537 4605
4 283 4419 6061 3285
10 5964 5603 4653 9865 6184 8986 5491 6217 2565 960
7 1724 262 5813 2885 5734 8932 6588
3 4243 2804 2518
10 6071 9597 9550 3993 9505 9064 8596 8819 7187 519
3 9389 7718 7422
5 987 8028 3725 4216 4821
5 3171 3749 6235 8167 233
8 4350 1977 8587 1696 3178 9161 6663 7559
8 354 9253 2812 2737 2925 9071 8743 2155
6 3534 9609 6141 8941 7568 8062
2 2839 3767
3 301 4140 2084
6 8243 5948 1105 1550 8784 9346
9 7625 7269 1263 9164 9869 9403 9838 1315 9577
4 6856 4971 6266 6906
3 369 4418 1864
3 9930 8780 8194
3 1875 8770 9109
5 1718 6320 5849 7165 7063
1 2436
4 9812 9953 1209 470
3 6903 2374 5885
5 3615 5937 497 7537 2288
4 7284 8597 6639 9969
1 8670
5 45 2159 2952 870 75
6 8065 1699 7801 1638 1954 7492
5 9808 4420 7447 3305 3006
3 7106 3870 6835
6 9890 2148 4620 5317 9873 6159
3 4832 3808 5707
9 5952 3298 8135 4572 17 9402 5466 9388 6279
3 2099 7424 9481
3 9018 2134 2630
5 2736 441 3459 6327 9418
10 5619 8242 3990 7738 5471 1981 6783 6751 7094 8694
3 2992 529 7649
2 7473 4964
4 6747 6788 749 447
2 8763 6051
5 6117 4259 9918 7885 4747
2 9512 6804
3 5216 4516 531
8 2648 4068 917 2716 2968 5851 3758 6632
9 7227 8812 9308 4843 217 396 5092 3760 3810
3 6483 7959 3116
7 4976 790 4242 6131 3072 9163 6575
4 7064 3591 1946 694
6 8328 1122 4291 2088 1473 7688
2 1454 6614
9 207 748 491 119 5915 2532 4643 3913 1990
4 2520 4058 2814 5269
7 1749 8702 9348 1010 6442 946 6301
4 1668 2638 1522 2367
1 7534
5 5081 5620 6397 9698 5644
2 1230 6576
2 6388 4659
7 8645 858 3594 4810 2284 4039 900
3 3056 6688 9604
6 2872 6094 8774 24 9866 1199
8 2017 3222 8419 6332 9995 4512 9827 5211
4 1916 5953 3279 973
6 9237 7339 4783 8776 7968 3748
3 4812 3663 1445
3 7427 7987 592
3 5110 6881 8385
7 9380 7407 3229 963 5204 4793 4254
1 1596
4 4815 2792 7555 8465
3 3487 5770 8909
5 6975 2984 9991 5418 6172
4 6935 1420 6458 63
3 2347 4635 9700
5 120 4412 4364 2561 1635
5 3579 1042 9835 6631 5517
5 6710 6199 8539 7655 7471
5 1436 9427 2285 5936 722
6 8701 8894 6415 6189 4762 7162
7 1942 3551 2947 1731 1891 4699 4690
7 9684 9065 5985 2268 8898 4875 2296
6 6754 2598 3710 4973 4961 2507
4 4297 6833 3106 7460
2 2581 5674
3 8229 9802 4915
2 6517 7134
2 3155 85
6 7258 3473 9514 769 3444 3580
2 5651 5723
6 9434 9796 7137 2498 7322 6246
2 9404 126
4 1624 9679 4197 5320
6 9964 8684 6526 8589 9296 3708
4 3181 3700 5719 697
7 7724 865 4482 818 65 4222 7886
4 933 9523 3202 9527
6 6060 3226 2959 5227 1268 7996
8 4694 3047 4103 999 8069 29 9474 9895
3 6303 9841 1397
6 6387 1640 6555 7478 4585 5002
5 1044 1388 8268 6074 6207
4 3578 5609 8151 7887
